2295
Lattice="13.4375 0.0 0.0 0.0 13.4375 0.0 0.0 0.0 12.952" Origin="-6.71875 -6.71875 -6.476" Properties=pos:R:3:id:I:1
-6.71875 -6.71875 -4.857 1
-6.1588537187 -6.1588537187 -6.476 2
-6.71875 -6.1588537187 -4.0475 3
-6.1588537187 -6.71875 -5.6665 4
-5.5989587812 -6.71875 -4.857 5
-5.0390625 -6.1588537187 -6.476 6
-5.5989587812 -6.1588537187 -4.0475 7
-5.0390625 -6.71875 -5.6665 8
-4.4791621875 -6.71875 -4.857 9
-3.9192753125 -6.1588537187 -6.476 10
-4.4791621875 -6.1588537187 -4.0475 11
-3.9192753125 -6.71875 -5.6665 12
-3.359375 -6.71875 -4.857 13
-2.7994746875 -6.1588537187 -6.476 14
-3.359375 -6.1588537187 -4.0475 15
-2.7994746875 -6.71875 -5.6665 16
-6.71875 -5.5989587812 -4.857 17
-6.1588537187 -5.0390625 -6.476 18
-6.71875 -5.0390625 -4.0475 19
-6.1588537187 -5.5989587812 -5.6665 20
-5.5989587812 -5.5989587812 -4.857 21
-5.0390625 -5.0390625 -6.476 22
-5.5989587812 -5.0390625 -4.0475 23
-5.0390625 -5.5989587812 -5.6665 24
-4.4791621875 -5.5989587812 -4.857 25
-3.9192753125 -5.0390625 -6.476 26
-4.4791621875 -5.0390625 -4.0475 27
-3.9192753125 -5.5989587812 -5.6665 28
-3.359375 -5.5989587812 -4.857 29
-2.7994746875 -5.0390625 -6.476 30
-3.359375 -5.0390625 -4.0475 31
-2.7994746875 -5.5989587812 -5.6665 32
-6.71875 -4.4791621875 -4.857 33
-6.1588537187 -3.9192753125 -6.476 34
-6.71875 -3.9192753125 -4.0475 35
-6.1588537187 -4.4791621875 -5.6665 36
-5.5989587812 -4.4791621875 -4.857 37
-5.0390625 -3.9192753125 -6.476 38
-5.5989587812 -3.9192753125 -4.0475 39
-5.0390625 -4.4791621875 -5.6665 40
-4.4791621875 -4.4791621875 -4.857 41
-3.9192753125 -3.9192753125 -6.476 42
-4.4791621875 -3.9192753125 -4.0475 43
-3.9192753125 -4.4791621875 -5.6665 44
-3.359375 -4.4791621875 -4.857 45
-2.7994746875 -3.9192753125 -6.476 46
-3.359375 -3.9192753125 -4.0475 47
-2.7994746875 -4.4791621875 -5.6665 48
-6.71875 -3.359375 -4.857 49
-6.1588537187 -2.7994746875 -6.476 50
-6.71875 -2.7994746875 -4.0475 51
-6.1588537187 -3.359375 -5.6665 52
-5.5989587812 -3.359375 -4.857 53
-5.0390625 -2.7994746875 -6.476 54
-5.5989587812 -2.7994746875 -4.0475 55
-5.0390625 -3.359375 -5.6665 56
-4.4791621875 -3.359375 -4.857 57
-3.9192753125 -2.7994746875 -6.476 58
-4.4791621875 -2.7994746875 -4.0475 59
-3.9192753125 -3.359375 -5.6665 60
-3.359375 -3.359375 -4.857 61
-2.7994746875 -2.7994746875 -6.476 62
-3.359375 -2.7994746875 -4.0475 63
-2.7994746875 -3.359375 -5.6665 64
-6.1588537187 -6.1588537187 -3.238 65
-6.1588537187 -6.71875 -2.4285 66
-5.0390625 -6.1588537187 -3.238 67
-5.0390625 -6.71875 -2.4285 68
-3.9192753125 -6.1588537187 -3.238 69
-3.9192753125 -6.71875 -2.4285 70
-2.7994746875 -6.1588537187 -3.238 71
-2.7994746875 -6.71875 -2.4285 72
-6.1588537187 -5.0390625 -3.238 73
-6.1588537187 -5.5989587812 -2.4285 74
-5.0390625 -5.0390625 -3.238 75
-5.0390625 -5.5989587812 -2.4285 76
-3.9192753125 -5.0390625 -3.238 77
-3.9192753125 -5.5989587812 -2.4285 78
-2.7994746875 -5.0390625 -3.238 79
-2.7994746875 -5.5989587812 -2.4285 80
-6.1588537187 -3.9192753125 -3.238 81
-6.1588537187 -4.4791621875 -2.4285 82
-5.0390625 -3.9192753125 -3.238 83
-5.0390625 -4.4791621875 -2.4285 84
-3.9192753125 -3.9192753125 -3.238 85
-3.9192753125 -4.4791621875 -2.4285 86
-2.7994746875 -3.9192753125 -3.238 87
-2.7994746875 -4.4791621875 -2.4285 88
-6.1588537187 -2.7994746875 -3.238 89
-6.1588537187 -3.359375 -2.4285 90
-5.0390625 -2.7994746875 -3.238 91
-5.0390625 -3.359375 -2.4285 92
-3.9192753125 -2.7994746875 -3.238 93
-3.9192753125 -3.359375 -2.4285 94
-2.7994746875 -2.7994746875 -3.238 95
-2.7994746875 -3.359375 -2.4285 96
-2.2395878125 -6.71875 -4.857 97
-1.6796875 -6.1588537187 -6.476 98
-2.2395878125 -6.1588537187 -4.0475 99
-1.6796875 -6.71875 -5.6665 100
-1.1197871875 -6.71875 -4.857 101
-0.5599003125 -6.1588537187 -6.476 102
-1.1197871875 -6.1588537187 -4.0475 103
-0.5599003125 -6.71875 -5.6665 104
0.0 -6.71875 -4.857 105
0.5599003125 -6.1588537187 -6.476 106
0.0 -6.1588537187 -4.0475 107
0.5599003125 -6.71875 -5.6665 108
1.1197871875 -6.71875 -4.857 109
1.6796875 -6.1588537187 -6.476 110
1.1197871875 -6.1588537187 -4.0475 111
1.6796875 -6.71875 -5.6665 112
-2.2395878125 -5.5989587812 -4.857 113
-1.6796875 -5.0390625 -6.476 114
-2.2395878125 -5.0390625 -4.0475 115
-1.6796875 -5.5989587812 -5.6665 116
-1.1197871875 -5.5989587812 -4.857 117
-0.5599003125 -5.0390625 -6.476 118
-1.1197871875 -5.0390625 -4.0475 119
-0.5599003125 -5.5989587812 -5.6665 120
0.0 -5.5989587812 -4.857 121
0.5599003125 -5.0390625 -6.476 122
0.0 -5.0390625 -4.0475 123
0.5599003125 -5.5989587812 -5.6665 124
1.1197871875 -5.5989587812 -4.857 125
1.6796875 -5.0390625 -6.476 126
1.1197871875 -5.0390625 -4.0475 127
1.6796875 -5.5989587812 -5.6665 128
-2.2395878125 -4.4791621875 -4.857 129
-1.6796875 -3.9192753125 -6.476 130
-2.2395878125 -3.9192753125 -4.0475 131
-1.6796875 -4.4791621875 -5.6665 132
-1.1197871875 -4.4791621875 -4.857 133
-0.5599003125 -3.9192753125 -6.476 134
-1.1197871875 -3.9192753125 -4.0475 135
-0.5599003125 -4.4791621875 -5.6665 136
0.0 -4.4791621875 -4.857 137
0.5599003125 -3.9192753125 -6.476 138
0.0 -3.9192753125 -4.0475 139
0.5599003125 -4.4791621875 -5.6665 140
1.1197871875 -4.4791621875 -4.857 141
1.6796875 -3.9192753125 -6.476 142
1.1197871875 -3.9192753125 -4.0475 143
1.6796875 -4.4791621875 -5.6665 144
-2.2395878125 -3.359375 -4.857 145
-1.6796875 -2.7994746875 -6.476 146
-2.2395878125 -2.7994746875 -4.0475 147
-1.6796875 -3.359375 -5.6665 148
-1.1197871875 -3.359375 -4.857 149
-0.5599003125 -2.7994746875 -6.476 150
-1.1197871875 -2.7994746875 -4.0475 151
-0.5599003125 -3.359375 -5.6665 152
0.0 -3.359375 -4.857 153
0.5599003125 -2.7994746875 -6.476 154
0.0 -2.7994746875 -4.0475 155
0.5599003125 -3.359375 -5.6665 156
1.1197871875 -3.359375 -4.857 157
1.6796875 -2.7994746875 -6.476 158
1.1197871875 -2.7994746875 -4.0475 159
1.6796875 -3.359375 -5.6665 160
-1.6796875 -6.1588537187 -3.238 161
-1.6796875 -6.71875 -2.4285 162
-0.5599003125 -6.1588537187 -3.238 163
-0.5599003125 -6.71875 -2.4285 164
0.5599003125 -6.1588537187 -3.238 165
0.5599003125 -6.71875 -2.4285 166
1.6796875 -6.1588537187 -3.238 167
1.6796875 -6.71875 -2.4285 168
-1.6796875 -5.0390625 -3.238 169
-1.6796875 -5.5989587812 -2.4285 170
-0.5599003125 -5.0390625 -3.238 171
-0.5599003125 -5.5989587812 -2.4285 172
0.5599003125 -5.0390625 -3.238 173
0.5599003125 -5.5989587812 -2.4285 174
1.6796875 -5.0390625 -3.238 175
1.6796875 -5.5989587812 -2.4285 176
-1.6796875 -3.9192753125 -3.238 177
-1.6796875 -4.4791621875 -2.4285 178
-0.5599003125 -3.9192753125 -3.238 179
-0.5599003125 -4.4791621875 -2.4285 180
0.5599003125 -3.9192753125 -3.238 181
0.5599003125 -4.4791621875 -2.4285 182
1.6796875 -3.9192753125 -3.238 183
1.6796875 -4.4791621875 -2.4285 184
-1.6796875 -2.7994746875 -3.238 185
-1.6796875 -3.359375 -2.4285 186
-0.5599003125 -2.7994746875 -3.238 187
-0.5599003125 -3.359375 -2.4285 188
0.5599003125 -2.7994746875 -3.238 189
0.5599003125 -3.359375 -2.4285 190
1.6796875 -2.7994746875 -3.238 191
1.6796875 -3.359375 -2.4285 192
2.2395878125 -6.71875 -4.857 193
2.7994746875 -6.1588537187 -6.476 194
2.2395878125 -6.1588537187 -4.0475 195
2.7994746875 -6.71875 -5.6665 196
3.359375 -6.71875 -4.857 197
3.9192753125 -6.1588537187 -6.476 198
3.359375 -6.1588537187 -4.0475 199
3.9192753125 -6.71875 -5.6665 200
4.4791621875 -6.71875 -4.857 201
5.0390625 -6.1588537187 -6.476 202
4.4791621875 -6.1588537187 -4.0475 203
5.0390625 -6.71875 -5.6665 204
5.5989628125 -6.71875 -4.857 205
6.1588496875 -6.1588537187 -6.476 206
5.5989628125 -6.1588537187 -4.0475 207
6.1588496875 -6.71875 -5.6665 208
2.2395878125 -5.5989587812 -4.857 209
2.7994746875 -5.0390625 -6.476 210
2.2395878125 -5.0390625 -4.0475 211
2.7994746875 -5.5989587812 -5.6665 212
3.359375 -5.5989587812 -4.857 213
3.9192753125 -5.0390625 -6.476 214
3.359375 -5.0390625 -4.0475 215
3.9192753125 -5.5989587812 -5.6665 216
4.4791621875 -5.5989587812 -4.857 217
5.0390625 -5.0390625 -6.476 218
4.4791621875 -5.0390625 -4.0475 219
5.0390625 -5.5989587812 -5.6665 220
5.5989628125 -5.5989587812 -4.857 221
6.1588496875 -5.0390625 -6.476 222
5.5989628125 -5.0390625 -4.0475 223
6.1588496875 -5.5989587812 -5.6665 224
2.2395878125 -4.4791621875 -4.857 225
2.7994746875 -3.9192753125 -6.476 226
2.2395878125 -3.9192753125 -4.0475 227
2.7994746875 -4.4791621875 -5.6665 228
3.359375 -4.4791621875 -4.857 229
3.9192753125 -3.9192753125 -6.476 230
3.359375 -3.9192753125 -4.0475 231
3.9192753125 -4.4791621875 -5.6665 232
4.4791621875 -4.4791621875 -4.857 233
5.0390625 -3.9192753125 -6.476 234
4.4791621875 -3.9192753125 -4.0475 235
5.0390625 -4.4791621875 -5.6665 236
5.5989628125 -4.4791621875 -4.857 237
6.1588496875 -3.9192753125 -6.476 238
5.5989628125 -3.9192753125 -4.0475 239
6.1588496875 -4.4791621875 -5.6665 240
2.2395878125 -3.359375 -4.857 241
2.7994746875 -2.7994746875 -6.476 242
2.2395878125 -2.7994746875 -4.0475 243
2.7994746875 -3.359375 -5.6665 244
3.359375 -3.359375 -4.857 245
3.9192753125 -2.7994746875 -6.476 246
3.359375 -2.7994746875 -4.0475 247
3.9192753125 -3.359375 -5.6665 248
4.4791621875 -3.359375 -4.857 249
5.0390625 -2.7994746875 -6.476 250
4.4791621875 -2.7994746875 -4.0475 251
5.0390625 -3.359375 -5.6665 252
5.5989628125 -3.359375 -4.857 253
6.1588496875 -2.7994746875 -6.476 254
5.5989628125 -2.7994746875 -4.0475 255
6.1588496875 -3.359375 -5.6665 256
2.7994746875 -6.1588537187 -3.238 257
2.7994746875 -6.71875 -2.4285 258
3.9192753125 -6.1588537187 -3.238 259
3.9192753125 -6.71875 -2.4285 260
5.0390625 -6.1588537187 -3.238 261
5.0390625 -6.71875 -2.4285 262
6.1588496875 -6.1588537187 -3.238 263
6.1588496875 -6.71875 -2.4285 264
2.7994746875 -5.0390625 -3.238 265
2.7994746875 -5.5989587812 -2.4285 266
3.9192753125 -5.0390625 -3.238 267
3.9192753125 -5.5989587812 -2.4285 268
5.0390625 -5.0390625 -3.238 269
5.0390625 -5.5989587812 -2.4285 270
6.1588496875 -5.0390625 -3.238 271
6.1588496875 -5.5989587812 -2.4285 272
2.7994746875 -3.9192753125 -3.238 273
2.7994746875 -4.4791621875 -2.4285 274
3.9192753125 -3.9192753125 -3.238 275
3.9192753125 -4.4791621875 -2.4285 276
5.0390625 -3.9192753125 -3.238 277
5.0390625 -4.4791621875 -2.4285 278
6.1588496875 -3.9192753125 -3.238 279
6.1588496875 -4.4791621875 -2.4285 280
2.7994746875 -2.7994746875 -3.238 281
2.7994746875 -3.359375 -2.4285 282
3.9192753125 -2.7994746875 -3.238 283
3.9192753125 -3.359375 -2.4285 284
5.0390625 -2.7994746875 -3.238 285
5.0390625 -3.359375 -2.4285 286
6.1588496875 -2.7994746875 -3.238 287
6.1588496875 -3.359375 -2.4285 288
-6.71875 -2.2395878125 -4.857 289
-6.1588537187 -1.6796875 -6.476 290
-6.71875 -1.6796875 -4.0475 291
-6.1588537187 -2.2395878125 -5.6665 292
-5.5989587812 -2.2395878125 -4.857 293
-5.0390625 -1.6796875 -6.476 294
-5.5989587812 -1.6796875 -4.0475 295
-5.0390625 -2.2395878125 -5.6665 296
-4.4791621875 -2.2395878125 -4.857 297
-3.9192753125 -1.6796875 -6.476 298
-4.4791621875 -1.6796875 -4.0475 299
-3.9192753125 -2.2395878125 -5.6665 300
-3.359375 -2.2395878125 -4.857 301
-2.7994746875 -1.6796875 -6.476 302
-3.359375 -1.6796875 -4.0475 303
-2.7994746875 -2.2395878125 -5.6665 304
-6.71875 -1.1197871875 -4.857 305
-6.1588537187 -0.5599003125 -6.476 306
-6.71875 -0.5599003125 -4.0475 307
-6.1588537187 -1.1197871875 -5.6665 308
-5.5989587812 -1.1197871875 -4.857 309
-5.0390625 -0.5599003125 -6.476 310
-5.5989587812 -0.5599003125 -4.0475 311
-5.0390625 -1.1197871875 -5.6665 312
-4.4791621875 -1.1197871875 -4.857 313
-3.9192753125 -0.5599003125 -6.476 314
-4.4791621875 -0.5599003125 -4.0475 315
-3.9192753125 -1.1197871875 -5.6665 316
-3.359375 -1.1197871875 -4.857 317
-2.7994746875 -0.5599003125 -6.476 318
-3.359375 -0.5599003125 -4.0475 319
-2.7994746875 -1.1197871875 -5.6665 320
-6.71875 0.0 -4.857 321
-6.1588537187 0.5599003125 -6.476 322
-6.71875 0.5599003125 -4.0475 323
-6.1588537187 0.0 -5.6665 324
-5.5989587812 0.0 -4.857 325
-5.0390625 0.5599003125 -6.476 326
-5.5989587812 0.5599003125 -4.0475 327
-5.0390625 0.0 -5.6665 328
-4.4791621875 0.0 -4.857 329
-3.9192753125 0.5599003125 -6.476 330
-4.4791621875 0.5599003125 -4.0475 331
-3.9192753125 0.0 -5.6665 332
-3.359375 0.0 -4.857 333
-2.7994746875 0.5599003125 -6.476 334
-3.359375 0.5599003125 -4.0475 335
-2.7994746875 0.0 -5.6665 336
-6.71875 1.1197871875 -4.857 337
-6.1588537187 1.6796875 -6.476 338
-6.71875 1.6796875 -4.0475 339
-6.1588537187 1.1197871875 -5.6665 340
-5.5989587812 1.1197871875 -4.857 341
-5.0390625 1.6796875 -6.476 342
-5.5989587812 1.6796875 -4.0475 343
-5.0390625 1.1197871875 -5.6665 344
-4.4791621875 1.1197871875 -4.857 345
-3.9192753125 1.6796875 -6.476 346
-4.4791621875 1.6796875 -4.0475 347
-3.9192753125 1.1197871875 -5.6665 348
-3.359375 1.1197871875 -4.857 349
-2.7994746875 1.6796875 -6.476 350
-3.359375 1.6796875 -4.0475 351
-2.7994746875 1.1197871875 -5.6665 352
-6.1588537187 -1.6796875 -3.238 353
-6.1588537187 -2.2395878125 -2.4285 354
-5.0390625 -1.6796875 -3.238 355
-5.0390625 -2.2395878125 -2.4285 356
-3.9192753125 -1.6796875 -3.238 357
-3.9192753125 -2.2395878125 -2.4285 358
-2.7994746875 -1.6796875 -3.238 359
-2.7994746875 -2.2395878125 -2.4285 360
-6.1588537187 -0.5599003125 -3.238 361
-6.1588537187 -1.1197871875 -2.4285 362
-5.0390625 -0.5599003125 -3.238 363
-5.0390625 -1.1197871875 -2.4285 364
-3.9192753125 -0.5599003125 -3.238 365
-3.9192753125 -1.1197871875 -2.4285 366
-2.7994746875 -0.5599003125 -3.238 367
-2.7994746875 -1.1197871875 -2.4285 368
-6.1588537187 0.5599003125 -3.238 369
-6.1588537187 0.0 -2.4285 370
-5.0390625 0.5599003125 -3.238 371
-5.0390625 0.0 -2.4285 372
-3.9192753125 0.5599003125 -3.238 373
-3.9192753125 0.0 -2.4285 374
-2.7994746875 0.5599003125 -3.238 375
-2.7994746875 0.0 -2.4285 376
-6.1588537187 1.6796875 -3.238 377
-6.1588537187 1.1197871875 -2.4285 378
-5.0390625 1.6796875 -3.238 379
-5.0390625 1.1197871875 -2.4285 380
-3.9192753125 1.6796875 -3.238 381
-3.9192753125 1.1197871875 -2.4285 382
-2.7994746875 1.6796875 -3.238 383
-2.7994746875 1.1197871875 -2.4285 384
-2.2395878125 -2.2395878125 -4.857 385
-1.6796875 -1.6796875 -6.476 386
-2.2395878125 -1.6796875 -4.0475 387
-1.6796875 -2.2395878125 -5.6665 388
-1.1197871875 -2.2395878125 -4.857 389
-0.5599003125 -1.6796875 -6.476 390
-1.1197871875 -1.6796875 -4.0475 391
-0.5599003125 -2.2395878125 -5.6665 392
0.0 -2.2395878125 -4.857 393
0.5599003125 -1.6796875 -6.476 394
0.0 -1.6796875 -4.0475 395
0.5599003125 -2.2395878125 -5.6665 396
1.1197871875 -2.2395878125 -4.857 397
1.6796875 -1.6796875 -6.476 398
1.1197871875 -1.6796875 -4.0475 399
1.6796875 -2.2395878125 -5.6665 400
-2.2395878125 -1.1197871875 -4.857 401
-1.6796875 -0.5599003125 -6.476 402
-2.2395878125 -0.5599003125 -4.0475 403
-1.6796875 -1.1197871875 -5.6665 404
-1.1197871875 -1.1197871875 -4.857 405
-0.5599003125 -0.5599003125 -6.476 406
-1.1197871875 -0.5599003125 -4.0475 407
-0.5599003125 -1.1197871875 -5.6665 408
0.0 -1.1197871875 -4.857 409
0.5599003125 -0.5599003125 -6.476 410
0.0 -0.5599003125 -4.0475 411
0.5599003125 -1.1197871875 -5.6665 412
1.1197871875 -1.1197871875 -4.857 413
1.6796875 -0.5599003125 -6.476 414
1.1197871875 -0.5599003125 -4.0475 415
1.6796875 -1.1197871875 -5.6665 416
-2.2395878125 0.0 -4.857 417
-1.6796875 0.5599003125 -6.476 418
-2.2395878125 0.5599003125 -4.0475 419
-1.6796875 0.0 -5.6665 420
-1.1197871875 0.0 -4.857 421
-0.5599003125 0.5599003125 -6.476 422
-1.1197871875 0.5599003125 -4.0475 423
-0.5599003125 0.0 -5.6665 424
0.0 0.0 -4.857 425
0.5599003125 0.5599003125 -6.476 426
0.0 0.5599003125 -4.0475 427
0.5599003125 0.0 -5.6665 428
1.1197871875 0.0 -4.857 429
1.6796875 0.5599003125 -6.476 430
1.1197871875 0.5599003125 -4.0475 431
1.6796875 0.0 -5.6665 432
-2.2395878125 1.1197871875 -4.857 433
-1.6796875 1.6796875 -6.476 434
-2.2395878125 1.6796875 -4.0475 435
-1.6796875 1.1197871875 -5.6665 436
-1.1197871875 1.1197871875 -4.857 437
-0.5599003125 1.6796875 -6.476 438
-1.1197871875 1.6796875 -4.0475 439
-0.5599003125 1.1197871875 -5.6665 440
0.0 1.1197871875 -4.857 441
0.5599003125 1.6796875 -6.476 442
0.0 1.6796875 -4.0475 443
0.5599003125 1.1197871875 -5.6665 444
1.1197871875 1.1197871875 -4.857 445
1.6796875 1.6796875 -6.476 446
1.1197871875 1.6796875 -4.0475 447
1.6796875 1.1197871875 -5.6665 448
-1.6796875 -1.6796875 -3.238 449
-1.6796875 -2.2395878125 -2.4285 450
-0.5599003125 -1.6796875 -3.238 451
-0.5599003125 -2.2395878125 -2.4285 452
0.5599003125 -1.6796875 -3.238 453
0.5599003125 -2.2395878125 -2.4285 454
1.6796875 -1.6796875 -3.238 455
1.6796875 -2.2395878125 -2.4285 456
-1.6796875 -0.5599003125 -3.238 457
-1.6796875 -1.1197871875 -2.4285 458
-0.5599003125 -0.5599003125 -3.238 459
-0.5599003125 -1.1197871875 -2.4285 460
0.5599003125 -0.5599003125 -3.238 461
0.5599003125 -1.1197871875 -2.4285 462
1.6796875 -0.5599003125 -3.238 463
1.6796875 -1.1197871875 -2.4285 464
-1.6796875 0.5599003125 -3.238 465
-1.6796875 0.0 -2.4285 466
-0.5599003125 0.5599003125 -3.238 467
-0.5599003125 0.0 -2.4285 468
0.5599003125 0.5599003125 -3.238 469
0.5599003125 0.0 -2.4285 470
1.6796875 0.5599003125 -3.238 471
1.6796875 0.0 -2.4285 472
-1.6796875 1.6796875 -3.238 473
-1.6796875 1.1197871875 -2.4285 474
-0.5599003125 1.6796875 -3.238 475
-0.5599003125 1.1197871875 -2.4285 476
0.5599003125 1.6796875 -3.238 477
0.5599003125 1.1197871875 -2.4285 478
1.6796875 1.6796875 -3.238 479
1.6796875 1.1197871875 -2.4285 480
2.2395878125 -2.2395878125 -4.857 481
2.7994746875 -1.6796875 -6.476 482
2.2395878125 -1.6796875 -4.0475 483
2.7994746875 -2.2395878125 -5.6665 484
3.359375 -2.2395878125 -4.857 485
3.9192753125 -1.6796875 -6.476 486
3.359375 -1.6796875 -4.0475 487
3.9192753125 -2.2395878125 -5.6665 488
4.4791621875 -2.2395878125 -4.857 489
5.0390625 -1.6796875 -6.476 490
4.4791621875 -1.6796875 -4.0475 491
5.0390625 -2.2395878125 -5.6665 492
5.5989628125 -2.2395878125 -4.857 493
6.1588496875 -1.6796875 -6.476 494
5.5989628125 -1.6796875 -4.0475 495
6.1588496875 -2.2395878125 -5.6665 496
2.2395878125 -1.1197871875 -4.857 497
2.7994746875 -0.5599003125 -6.476 498
2.2395878125 -0.5599003125 -4.0475 499
2.7994746875 -1.1197871875 -5.6665 500
3.359375 -1.1197871875 -4.857 501
3.9192753125 -0.5599003125 -6.476 502
3.359375 -0.5599003125 -4.0475 503
3.9192753125 -1.1197871875 -5.6665 504
4.4791621875 -1.1197871875 -4.857 505
5.0390625 -0.5599003125 -6.476 506
4.4791621875 -0.5599003125 -4.0475 507
5.0390625 -1.1197871875 -5.6665 508
5.5989628125 -1.1197871875 -4.857 509
6.1588496875 -0.5599003125 -6.476 510
5.5989628125 -0.5599003125 -4.0475 511
6.1588496875 -1.1197871875 -5.6665 512
2.2395878125 0.0 -4.857 513
2.7994746875 0.5599003125 -6.476 514
2.2395878125 0.5599003125 -4.0475 515
2.7994746875 0.0 -5.6665 516
3.359375 0.0 -4.857 517
3.9192753125 0.5599003125 -6.476 518
3.359375 0.5599003125 -4.0475 519
3.9192753125 0.0 -5.6665 520
4.4791621875 0.0 -4.857 521
5.0390625 0.5599003125 -6.476 522
4.4791621875 0.5599003125 -4.0475 523
5.0390625 0.0 -5.6665 524
5.5989628125 0.0 -4.857 525
6.1588496875 0.5599003125 -6.476 526
5.5989628125 0.5599003125 -4.0475 527
6.1588496875 0.0 -5.6665 528
2.2395878125 1.1197871875 -4.857 529
2.7994746875 1.6796875 -6.476 530
2.2395878125 1.6796875 -4.0475 531
2.7994746875 1.1197871875 -5.6665 532
3.359375 1.1197871875 -4.857 533
3.9192753125 1.6796875 -6.476 534
3.359375 1.6796875 -4.0475 535
3.9192753125 1.1197871875 -5.6665 536
4.4791621875 1.1197871875 -4.857 537
5.0390625 1.6796875 -6.476 538
4.4791621875 1.6796875 -4.0475 539
5.0390625 1.1197871875 -5.6665 540
5.5989628125 1.1197871875 -4.857 541
6.1588496875 1.6796875 -6.476 542
5.5989628125 1.6796875 -4.0475 543
6.1588496875 1.1197871875 -5.6665 544
2.7994746875 -1.6796875 -3.238 545
2.7994746875 -2.2395878125 -2.4285 546
3.9192753125 -1.6796875 -3.238 547
3.9192753125 -2.2395878125 -2.4285 548
5.0390625 -1.6796875 -3.238 549
5.0390625 -2.2395878125 -2.4285 550
6.1588496875 -1.6796875 -3.238 551
6.1588496875 -2.2395878125 -2.4285 552
2.7994746875 -0.5599003125 -3.238 553
2.7994746875 -1.1197871875 -2.4285 554
3.9192753125 -0.5599003125 -3.238 555
3.9192753125 -1.1197871875 -2.4285 556
5.0390625 -0.5599003125 -3.238 557
5.0390625 -1.1197871875 -2.4285 558
6.1588496875 -0.5599003125 -3.238 559
6.1588496875 -1.1197871875 -2.4285 560
2.7994746875 0.5599003125 -3.238 561
2.7994746875 0.0 -2.4285 562
3.9192753125 0.5599003125 -3.238 563
3.9192753125 0.0 -2.4285 564
5.0390625 0.5599003125 -3.238 565
5.0390625 0.0 -2.4285 566
6.1588496875 0.5599003125 -3.238 567
6.1588496875 0.0 -2.4285 568
2.7994746875 1.6796875 -3.238 569
2.7994746875 1.1197871875 -2.4285 570
3.9192753125 1.6796875 -3.238 571
3.9192753125 1.1197871875 -2.4285 572
5.0390625 1.6796875 -3.238 573
5.0390625 1.1197871875 -2.4285 574
6.1588496875 1.6796875 -3.238 575
6.1588496875 1.1197871875 -2.4285 576
-6.71875 2.2395878125 -4.857 577
-6.1588537187 2.7994746875 -6.476 578
-6.71875 2.7994746875 -4.0475 579
-6.1588537187 2.2395878125 -5.6665 580
-5.5989587812 2.2395878125 -4.857 581
-5.0390625 2.7994746875 -6.476 582
-5.5989587812 2.7994746875 -4.0475 583
-5.0390625 2.2395878125 -5.6665 584
-4.4791621875 2.2395878125 -4.857 585
-3.9192753125 2.7994746875 -6.476 586
-4.4791621875 2.7994746875 -4.0475 587
-3.9192753125 2.2395878125 -5.6665 588
-3.359375 2.2395878125 -4.857 589
-2.7994746875 2.7994746875 -6.476 590
-3.359375 2.7994746875 -4.0475 591
-2.7994746875 2.2395878125 -5.6665 592
-6.71875 3.359375 -4.857 593
-6.1588537187 3.9192753125 -6.476 594
-6.71875 3.9192753125 -4.0475 595
-6.1588537187 3.359375 -5.6665 596
-5.5989587812 3.359375 -4.857 597
-5.0390625 3.9192753125 -6.476 598
-5.5989587812 3.9192753125 -4.0475 599
-5.0390625 3.359375 -5.6665 600
-4.4791621875 3.359375 -4.857 601
-3.9192753125 3.9192753125 -6.476 602
-4.4791621875 3.9192753125 -4.0475 603
-3.9192753125 3.359375 -5.6665 604
-3.359375 3.359375 -4.857 605
-2.7994746875 3.9192753125 -6.476 606
-3.359375 3.9192753125 -4.0475 607
-2.7994746875 3.359375 -5.6665 608
-6.71875 4.4791621875 -4.857 609
-6.1588537187 5.0390625 -6.476 610
-6.71875 5.0390625 -4.0475 611
-6.1588537187 4.4791621875 -5.6665 612
-5.5989587812 4.4791621875 -4.857 613
-5.0390625 5.0390625 -6.476 614
-5.5989587812 5.0390625 -4.0475 615
-5.0390625 4.4791621875 -5.6665 616
-4.4791621875 4.4791621875 -4.857 617
-3.9192753125 5.0390625 -6.476 618
-4.4791621875 5.0390625 -4.0475 619
-3.9192753125 4.4791621875 -5.6665 620
-3.359375 4.4791621875 -4.857 621
-2.7994746875 5.0390625 -6.476 622
-3.359375 5.0390625 -4.0475 623
-2.7994746875 4.4791621875 -5.6665 624
-6.71875 5.5989628125 -4.857 625
-6.1588537187 6.1588496875 -6.476 626
-6.71875 6.1588496875 -4.0475 627
-6.1588537187 5.5989628125 -5.6665 628
-5.5989587812 5.5989628125 -4.857 629
-5.0390625 6.1588496875 -6.476 630
-5.5989587812 6.1588496875 -4.0475 631
-5.0390625 5.5989628125 -5.6665 632
-4.4791621875 5.5989628125 -4.857 633
-3.9192753125 6.1588496875 -6.476 634
-4.4791621875 6.1588496875 -4.0475 635
-3.9192753125 5.5989628125 -5.6665 636
-3.359375 5.5989628125 -4.857 637
-2.7994746875 6.1588496875 -6.476 638
-3.359375 6.1588496875 -4.0475 639
-2.7994746875 5.5989628125 -5.6665 640
-6.1588537187 2.7994746875 -3.238 641
-6.1588537187 2.2395878125 -2.4285 642
-5.0390625 2.7994746875 -3.238 643
-5.0390625 2.2395878125 -2.4285 644
-3.9192753125 2.7994746875 -3.238 645
-3.9192753125 2.2395878125 -2.4285 646
-2.7994746875 2.7994746875 -3.238 647
-2.7994746875 2.2395878125 -2.4285 648
-6.1588537187 3.9192753125 -3.238 649
-6.1588537187 3.359375 -2.4285 650
-5.0390625 3.9192753125 -3.238 651
-5.0390625 3.359375 -2.4285 652
-3.9192753125 3.9192753125 -3.238 653
-3.9192753125 3.359375 -2.4285 654
-2.7994746875 3.9192753125 -3.238 655
-2.7994746875 3.359375 -2.4285 656
-6.1588537187 5.0390625 -3.238 657
-6.1588537187 4.4791621875 -2.4285 658
-5.0390625 5.0390625 -3.238 659
-5.0390625 4.4791621875 -2.4285 660
-3.9192753125 5.0390625 -3.238 661
-3.9192753125 4.4791621875 -2.4285 662
-2.7994746875 5.0390625 -3.238 663
-2.7994746875 4.4791621875 -2.4285 664
-6.1588537187 6.1588496875 -3.238 665
-6.1588537187 5.5989628125 -2.4285 666
-5.0390625 6.1588496875 -3.238 667
-5.0390625 5.5989628125 -2.4285 668
-3.9192753125 6.1588496875 -3.238 669
-3.9192753125 5.5989628125 -2.4285 670
-2.7994746875 6.1588496875 -3.238 671
-2.7994746875 5.5989628125 -2.4285 672
-2.2395878125 2.2395878125 -4.857 673
-1.6796875 2.7994746875 -6.476 674
-2.2395878125 2.7994746875 -4.0475 675
-1.6796875 2.2395878125 -5.6665 676
-1.1197871875 2.2395878125 -4.857 677
-0.5599003125 2.7994746875 -6.476 678
-1.1197871875 2.7994746875 -4.0475 679
-0.5599003125 2.2395878125 -5.6665 680
0.0 2.2395878125 -4.857 681
0.5599003125 2.7994746875 -6.476 682
0.0 2.7994746875 -4.0475 683
0.5599003125 2.2395878125 -5.6665 684
1.1197871875 2.2395878125 -4.857 685
1.6796875 2.7994746875 -6.476 686
1.1197871875 2.7994746875 -4.0475 687
1.6796875 2.2395878125 -5.6665 688
-2.2395878125 3.359375 -4.857 689
-1.6796875 3.9192753125 -6.476 690
-2.2395878125 3.9192753125 -4.0475 691
-1.6796875 3.359375 -5.6665 692
-1.1197871875 3.359375 -4.857 693
-0.5599003125 3.9192753125 -6.476 694
-1.1197871875 3.9192753125 -4.0475 695
-0.5599003125 3.359375 -5.6665 696
0.0 3.359375 -4.857 697
0.5599003125 3.9192753125 -6.476 698
0.0 3.9192753125 -4.0475 699
0.5599003125 3.359375 -5.6665 700
1.1197871875 3.359375 -4.857 701
1.6796875 3.9192753125 -6.476 702
1.1197871875 3.9192753125 -4.0475 703
1.6796875 3.359375 -5.6665 704
-2.2395878125 4.4791621875 -4.857 705
-1.6796875 5.0390625 -6.476 706
-2.2395878125 5.0390625 -4.0475 707
-1.6796875 4.4791621875 -5.6665 708
-1.1197871875 4.4791621875 -4.857 709
-0.5599003125 5.0390625 -6.476 710
-1.1197871875 5.0390625 -4.0475 711
-0.5599003125 4.4791621875 -5.6665 712
0.0 4.4791621875 -4.857 713
0.5599003125 5.0390625 -6.476 714
0.0 5.0390625 -4.0475 715
0.5599003125 4.4791621875 -5.6665 716
1.1197871875 4.4791621875 -4.857 717
1.6796875 5.0390625 -6.476 718
1.1197871875 5.0390625 -4.0475 719
1.6796875 4.4791621875 -5.6665 720
-2.2395878125 5.5989628125 -4.857 721
-1.6796875 6.1588496875 -6.476 722
-2.2395878125 6.1588496875 -4.0475 723
-1.6796875 5.5989628125 -5.6665 724
-1.1197871875 5.5989628125 -4.857 725
-0.5599003125 6.1588496875 -6.476 726
-1.1197871875 6.1588496875 -4.0475 727
-0.5599003125 5.5989628125 -5.6665 728
0.0 5.5989628125 -4.857 729
0.5599003125 6.1588496875 -6.476 730
0.0 6.1588496875 -4.0475 731
0.5599003125 5.5989628125 -5.6665 732
1.1197871875 5.5989628125 -4.857 733
1.6796875 6.1588496875 -6.476 734
1.1197871875 6.1588496875 -4.0475 735
1.6796875 5.5989628125 -5.6665 736
-1.6796875 2.7994746875 -3.238 737
-1.6796875 2.2395878125 -2.4285 738
-0.5599003125 2.7994746875 -3.238 739
-0.5599003125 2.2395878125 -2.4285 740
0.5599003125 2.7994746875 -3.238 741
0.5599003125 2.2395878125 -2.4285 742
1.6796875 2.7994746875 -3.238 743
1.6796875 2.2395878125 -2.4285 744
-1.6796875 3.9192753125 -3.238 745
-1.6796875 3.359375 -2.4285 746
-0.5599003125 3.9192753125 -3.238 747
-0.5599003125 3.359375 -2.4285 748
0.5599003125 3.9192753125 -3.238 749
0.5599003125 3.359375 -2.4285 750
1.6796875 3.9192753125 -3.238 751
1.6796875 3.359375 -2.4285 752
-1.6796875 5.0390625 -3.238 753
-1.6796875 4.4791621875 -2.4285 754
-0.5599003125 5.0390625 -3.238 755
-0.5599003125 4.4791621875 -2.4285 756
0.5599003125 5.0390625 -3.238 757
0.5599003125 4.4791621875 -2.4285 758
1.6796875 5.0390625 -3.238 759
1.6796875 4.4791621875 -2.4285 760
-1.6796875 6.1588496875 -3.238 761
-1.6796875 5.5989628125 -2.4285 762
-0.5599003125 6.1588496875 -3.238 763
-0.5599003125 5.5989628125 -2.4285 764
0.5599003125 6.1588496875 -3.238 765
0.5599003125 5.5989628125 -2.4285 766
1.6796875 6.1588496875 -3.238 767
1.6796875 5.5989628125 -2.4285 768
2.2395878125 2.2395878125 -4.857 769
2.7994746875 2.7994746875 -6.476 770
2.2395878125 2.7994746875 -4.0475 771
2.7994746875 2.2395878125 -5.6665 772
3.359375 2.2395878125 -4.857 773
3.9192753125 2.7994746875 -6.476 774
3.359375 2.7994746875 -4.0475 775
3.9192753125 2.2395878125 -5.6665 776
4.4791621875 2.2395878125 -4.857 777
5.0390625 2.7994746875 -6.476 778
4.4791621875 2.7994746875 -4.0475 779
5.0390625 2.2395878125 -5.6665 780
5.5989628125 2.2395878125 -4.857 781
6.1588496875 2.7994746875 -6.476 782
5.5989628125 2.7994746875 -4.0475 783
6.1588496875 2.2395878125 -5.6665 784
2.2395878125 3.359375 -4.857 785
2.7994746875 3.9192753125 -6.476 786
2.2395878125 3.9192753125 -4.0475 787
2.7994746875 3.359375 -5.6665 788
3.359375 3.359375 -4.857 789
3.9192753125 3.9192753125 -6.476 790
3.359375 3.9192753125 -4.0475 791
3.9192753125 3.359375 -5.6665 792
4.4791621875 3.359375 -4.857 793
5.0390625 3.9192753125 -6.476 794
4.4791621875 3.9192753125 -4.0475 795
5.0390625 3.359375 -5.6665 796
5.5989628125 3.359375 -4.857 797
6.1588496875 3.9192753125 -6.476 798
5.5989628125 3.9192753125 -4.0475 799
6.1588496875 3.359375 -5.6665 800
2.2395878125 4.4791621875 -4.857 801
2.7994746875 5.0390625 -6.476 802
2.2395878125 5.0390625 -4.0475 803
2.7994746875 4.4791621875 -5.6665 804
3.359375 4.4791621875 -4.857 805
3.9192753125 5.0390625 -6.476 806
3.359375 5.0390625 -4.0475 807
3.9192753125 4.4791621875 -5.6665 808
4.4791621875 4.4791621875 -4.857 809
5.0390625 5.0390625 -6.476 810
4.4791621875 5.0390625 -4.0475 811
5.0390625 4.4791621875 -5.6665 812
5.5989628125 4.4791621875 -4.857 813
6.1588496875 5.0390625 -6.476 814
5.5989628125 5.0390625 -4.0475 815
6.1588496875 4.4791621875 -5.6665 816
2.2395878125 5.5989628125 -4.857 817
2.7994746875 6.1588496875 -6.476 818
2.2395878125 6.1588496875 -4.0475 819
2.7994746875 5.5989628125 -5.6665 820
3.359375 5.5989628125 -4.857 821
3.9192753125 6.1588496875 -6.476 822
3.359375 6.1588496875 -4.0475 823
3.9192753125 5.5989628125 -5.6665 824
4.4791621875 5.5989628125 -4.857 825
5.0390625 6.1588496875 -6.476 826
4.4791621875 6.1588496875 -4.0475 827
5.0390625 5.5989628125 -5.6665 828
5.5989628125 5.5989628125 -4.857 829
6.1588496875 6.1588496875 -6.476 830
5.5989628125 6.1588496875 -4.0475 831
6.1588496875 5.5989628125 -5.6665 832
2.7994746875 2.7994746875 -3.238 833
2.7994746875 2.2395878125 -2.4285 834
3.9192753125 2.7994746875 -3.238 835
3.9192753125 2.2395878125 -2.4285 836
5.0390625 2.7994746875 -3.238 837
5.0390625 2.2395878125 -2.4285 838
6.1588496875 2.7994746875 -3.238 839
6.1588496875 2.2395878125 -2.4285 840
2.7994746875 3.9192753125 -3.238 841
2.7994746875 3.359375 -2.4285 842
3.9192753125 3.9192753125 -3.238 843
3.9192753125 3.359375 -2.4285 844
5.0390625 3.9192753125 -3.238 845
5.0390625 3.359375 -2.4285 846
6.1588496875 3.9192753125 -3.238 847
6.1588496875 3.359375 -2.4285 848
2.7994746875 5.0390625 -3.238 849
2.7994746875 4.4791621875 -2.4285 850
3.9192753125 5.0390625 -3.238 851
3.9192753125 4.4791621875 -2.4285 852
5.0390625 5.0390625 -3.238 853
5.0390625 4.4791621875 -2.4285 854
6.1588496875 5.0390625 -3.238 855
6.1588496875 4.4791621875 -2.4285 856
2.7994746875 6.1588496875 -3.238 857
2.7994746875 5.5989628125 -2.4285 858
3.9192753125 6.1588496875 -3.238 859
3.9192753125 5.5989628125 -2.4285 860
5.0390625 6.1588496875 -3.238 861
5.0390625 5.5989628125 -2.4285 862
6.1588496875 6.1588496875 -3.238 863
6.1588496875 5.5989628125 -2.4285 864
-6.71875 -6.71875 -1.619 865
-6.71875 -6.1588537187 -0.8095 866
-5.5989587812 -6.71875 -1.619 867
-5.5989587812 -6.1588537187 -0.8095 868
-4.4791621875 -6.71875 -1.619 869
-4.4791621875 -6.1588537187 -0.8095 870
-3.359375 -6.71875 -1.619 871
-3.359375 -6.1588537187 -0.8095 872
-6.71875 -5.5989587812 -1.619 873
-6.71875 -5.0390625 -0.8095 874
-5.5989587812 -5.5989587812 -1.619 875
-5.5989587812 -5.0390625 -0.8095 876
-4.4791621875 -5.5989587812 -1.619 877
-4.4791621875 -5.0390625 -0.8095 878
-3.359375 -5.5989587812 -1.619 879
-3.359375 -5.0390625 -0.8095 880
-6.71875 -4.4791621875 -1.619 881
-6.71875 -3.9192753125 -0.8095 882
-5.5989587812 -4.4791621875 -1.619 883
-5.5989587812 -3.9192753125 -0.8095 884
-4.4791621875 -4.4791621875 -1.619 885
-4.4791621875 -3.9192753125 -0.8095 886
-3.359375 -4.4791621875 -1.619 887
-3.359375 -3.9192753125 -0.8095 888
-6.71875 -3.359375 -1.619 889
-6.71875 -2.7994746875 -0.8095 890
-5.5989587812 -3.359375 -1.619 891
-5.5989587812 -2.7994746875 -0.8095 892
-4.4791621875 -3.359375 -1.619 893
-4.4791621875 -2.7994746875 -0.8095 894
-3.359375 -3.359375 -1.619 895
-3.359375 -2.7994746875 -0.8095 896
-6.71875 -6.71875 1.619 897
-6.1588537187 -6.1588537187 0.0 898
-6.1588537187 -6.71875 0.8095 899
-5.5989587812 -6.71875 1.619 900
-5.0390625 -6.1588537187 0.0 901
-5.0390625 -6.71875 0.8095 902
-4.4791621875 -6.71875 1.619 903
-3.9192753125 -6.1588537187 0.0 904
-3.9192753125 -6.71875 0.8095 905
-3.359375 -6.71875 1.619 906
-2.7994746875 -6.1588537187 0.0 907
-2.7994746875 -6.71875 0.8095 908
-6.71875 -5.5989587812 1.619 909
-6.1588537187 -5.0390625 0.0 910
-6.1588537187 -5.5989587812 0.8095 911
-5.5989587812 -5.5989587812 1.619 912
-5.0390625 -5.0390625 0.0 913
-5.0390625 -5.5989587812 0.8095 914
-4.4791621875 -5.5989587812 1.619 915
-3.9192753125 -5.0390625 0.0 916
-3.9192753125 -5.5989587812 0.8095 917
-3.359375 -5.5989587812 1.619 918
-2.7994746875 -5.0390625 0.0 919
-2.7994746875 -5.5989587812 0.8095 920
-6.71875 -4.4791621875 1.619 921
-6.1588537187 -3.9192753125 0.0 922
-6.1588537187 -4.4791621875 0.8095 923
-5.5989587812 -4.4791621875 1.619 924
-5.0390625 -3.9192753125 0.0 925
-5.0390625 -4.4791621875 0.8095 926
-4.4791621875 -4.4791621875 1.619 927
-3.9192753125 -3.9192753125 0.0 928
-3.9192753125 -4.4791621875 0.8095 929
-3.359375 -4.4791621875 1.619 930
-2.7994746875 -3.9192753125 0.0 931
-2.7994746875 -4.4791621875 0.8095 932
-6.71875 -3.359375 1.619 933
-6.1588537187 -2.7994746875 0.0 934
-6.1588537187 -3.359375 0.8095 935
-5.5989587812 -3.359375 1.619 936
-5.0390625 -2.7994746875 0.0 937
-5.0390625 -3.359375 0.8095 938
-4.4791621875 -3.359375 1.619 939
-3.9192753125 -2.7994746875 0.0 940
-3.9192753125 -3.359375 0.8095 941
-3.359375 -3.359375 1.619 942
-2.7994746875 -2.7994746875 0.0 943
-2.7994746875 -3.359375 0.8095 944
-2.2395878125 -6.71875 -1.619 945
-2.2395878125 -6.1588537187 -0.8095 946
-1.1197871875 -6.71875 -1.619 947
-1.1197871875 -6.1588537187 -0.8095 948
0.0 -6.71875 -1.619 949
0.0 -6.1588537187 -0.8095 950
1.1197871875 -6.71875 -1.619 951
1.1197871875 -6.1588537187 -0.8095 952
-2.2395878125 -5.5989587812 -1.619 953
-2.2395878125 -5.0390625 -0.8095 954
-1.1197871875 -5.5989587812 -1.619 955
-1.1197871875 -5.0390625 -0.8095 956
0.0 -5.5989587812 -1.619 957
0.0 -5.0390625 -0.8095 958
1.1197871875 -5.5989587812 -1.619 959
1.1197871875 -5.0390625 -0.8095 960
-2.2395878125 -4.4791621875 -1.619 961
-2.2395878125 -3.9192753125 -0.8095 962
-1.1197871875 -4.4791621875 -1.619 963
-1.1197871875 -3.9192753125 -0.8095 964
0.0 -4.4791621875 -1.619 965
0.0 -3.9192753125 -0.8095 966
1.1197871875 -4.4791621875 -1.619 967
1.1197871875 -3.9192753125 -0.8095 968
-2.2395878125 -3.359375 -1.619 969
-2.2395878125 -2.7994746875 -0.8095 970
-1.1197871875 -3.359375 -1.619 971
-1.1197871875 -2.7994746875 -0.8095 972
0.0 -3.359375 -1.619 973
0.0 -2.7994746875 -0.8095 974
1.1197871875 -3.359375 -1.619 975
1.1197871875 -2.7994746875 -0.8095 976
-2.2395878125 -6.71875 1.619 977
-1.6796875 -6.1588537187 0.0 978
-1.6796875 -6.71875 0.8095 979
-1.1197871875 -6.71875 1.619 980
-0.5599003125 -6.1588537187 0.0 981
-0.5599003125 -6.71875 0.8095 982
0.0 -6.71875 1.619 983
0.5599003125 -6.1588537187 0.0 984
0.5599003125 -6.71875 0.8095 985
1.1197871875 -6.71875 1.619 986
1.6796875 -6.1588537187 0.0 987
1.6796875 -6.71875 0.8095 988
-2.2395878125 -5.5989587812 1.619 989
-1.6796875 -5.0390625 0.0 990
-1.6796875 -5.5989587812 0.8095 991
-1.1197871875 -5.5989587812 1.619 992
-0.5599003125 -5.0390625 0.0 993
-0.5599003125 -5.5989587812 0.8095 994
0.0 -5.5989587812 1.619 995
0.5599003125 -5.0390625 0.0 996
0.5599003125 -5.5989587812 0.8095 997
1.1197871875 -5.5989587812 1.619 998
1.6796875 -5.0390625 0.0 999
1.6796875 -5.5989587812 0.8095 1000
-2.2395878125 -4.4791621875 1.619 1001
-1.6796875 -3.9192753125 0.0 1002
-1.6796875 -4.4791621875 0.8095 1003
-1.1197871875 -4.4791621875 1.619 1004
-0.5599003125 -3.9192753125 0.0 1005
-0.5599003125 -4.4791621875 0.8095 1006
0.0 -4.4791621875 1.619 1007
0.5599003125 -3.9192753125 0.0 1008
0.5599003125 -4.4791621875 0.8095 1009
1.1197871875 -4.4791621875 1.619 1010
1.6796875 -3.9192753125 0.0 1011
1.6796875 -4.4791621875 0.8095 1012
-2.2395878125 -3.359375 1.619 1013
-1.6796875 -2.7994746875 0.0 1014
-1.6796875 -3.359375 0.8095 1015
-1.1197871875 -3.359375 1.619 1016
-0.5599003125 -2.7994746875 0.0 1017
-0.5599003125 -3.359375 0.8095 1018
0.0 -3.359375 1.619 1019
0.5599003125 -2.7994746875 0.0 1020
0.5599003125 -3.359375 0.8095 1021
1.1197871875 -3.359375 1.619 1022
1.6796875 -2.7994746875 0.0 1023
1.6796875 -3.359375 0.8095 1024
2.2395878125 -6.71875 -1.619 1025
2.2395878125 -6.1588537187 -0.8095 1026
3.359375 -6.71875 -1.619 1027
3.359375 -6.1588537187 -0.8095 1028
4.4791621875 -6.71875 -1.619 1029
4.4791621875 -6.1588537187 -0.8095 1030
5.5989628125 -6.71875 -1.619 1031
5.5989628125 -6.1588537187 -0.8095 1032
2.2395878125 -5.5989587812 -1.619 1033
2.2395878125 -5.0390625 -0.8095 1034
3.359375 -5.5989587812 -1.619 1035
3.359375 -5.0390625 -0.8095 1036
4.4791621875 -5.5989587812 -1.619 1037
4.4791621875 -5.0390625 -0.8095 1038
5.5989628125 -5.5989587812 -1.619 1039
5.5989628125 -5.0390625 -0.8095 1040
2.2395878125 -4.4791621875 -1.619 1041
2.2395878125 -3.9192753125 -0.8095 1042
3.359375 -4.4791621875 -1.619 1043
3.359375 -3.9192753125 -0.8095 1044
4.4791621875 -4.4791621875 -1.619 1045
4.4791621875 -3.9192753125 -0.8095 1046
5.5989628125 -4.4791621875 -1.619 1047
5.5989628125 -3.9192753125 -0.8095 1048
2.2395878125 -3.359375 -1.619 1049
2.2395878125 -2.7994746875 -0.8095 1050
3.359375 -3.359375 -1.619 1051
3.359375 -2.7994746875 -0.8095 1052
4.4791621875 -3.359375 -1.619 1053
4.4791621875 -2.7994746875 -0.8095 1054
5.5989628125 -3.359375 -1.619 1055
5.5989628125 -2.7994746875 -0.8095 1056
2.2395878125 -6.71875 1.619 1057
2.7994746875 -6.1588537187 0.0 1058
2.7994746875 -6.71875 0.8095 1059
3.359375 -6.71875 1.619 1060
3.9192753125 -6.1588537187 0.0 1061
3.9192753125 -6.71875 0.8095 1062
4.4791621875 -6.71875 1.619 1063
5.0390625 -6.1588537187 0.0 1064
5.0390625 -6.71875 0.8095 1065
5.5989628125 -6.71875 1.619 1066
6.1588496875 -6.1588537187 0.0 1067
6.1588496875 -6.71875 0.8095 1068
2.2395878125 -5.5989587812 1.619 1069
2.7994746875 -5.0390625 0.0 1070
2.7994746875 -5.5989587812 0.8095 1071
3.359375 -5.5989587812 1.619 1072
3.9192753125 -5.0390625 0.0 1073
3.9192753125 -5.5989587812 0.8095 1074
4.4791621875 -5.5989587812 1.619 1075
5.0390625 -5.0390625 0.0 1076
5.0390625 -5.5989587812 0.8095 1077
5.5989628125 -5.5989587812 1.619 1078
6.1588496875 -5.0390625 0.0 1079
6.1588496875 -5.5989587812 0.8095 1080
2.2395878125 -4.4791621875 1.619 1081
2.7994746875 -3.9192753125 0.0 1082
2.7994746875 -4.4791621875 0.8095 1083
3.359375 -4.4791621875 1.619 1084
3.9192753125 -3.9192753125 0.0 1085
3.9192753125 -4.4791621875 0.8095 1086
4.4791621875 -4.4791621875 1.619 1087
5.0390625 -3.9192753125 0.0 1088
5.0390625 -4.4791621875 0.8095 1089
5.5989628125 -4.4791621875 1.619 1090
6.1588496875 -3.9192753125 0.0 1091
6.1588496875 -4.4791621875 0.8095 1092
2.2395878125 -3.359375 1.619 1093
2.7994746875 -2.7994746875 0.0 1094
2.7994746875 -3.359375 0.8095 1095
3.359375 -3.359375 1.619 1096
3.9192753125 -2.7994746875 0.0 1097
3.9192753125 -3.359375 0.8095 1098
4.4791621875 -3.359375 1.619 1099
5.0390625 -2.7994746875 0.0 1100
5.0390625 -3.359375 0.8095 1101
5.5989628125 -3.359375 1.619 1102
6.1588496875 -2.7994746875 0.0 1103
6.1588496875 -3.359375 0.8095 1104
-6.71875 -2.2395878125 -1.619 1105
-6.71875 -1.6796875 -0.8095 1106
-5.5989587812 -2.2395878125 -1.619 1107
-5.5989587812 -1.6796875 -0.8095 1108
-4.4791621875 -2.2395878125 -1.619 1109
-4.4791621875 -1.6796875 -0.8095 1110
-3.359375 -2.2395878125 -1.619 1111
-3.359375 -1.6796875 -0.8095 1112
-6.71875 -1.1197871875 -1.619 1113
-6.71875 -0.5599003125 -0.8095 1114
-5.5989587812 -1.1197871875 -1.619 1115
-5.5989587812 -0.5599003125 -0.8095 1116
-4.4791621875 -1.1197871875 -1.619 1117
-4.4791621875 -0.5599003125 -0.8095 1118
-3.359375 -1.1197871875 -1.619 1119
-3.359375 -0.5599003125 -0.8095 1120
-6.71875 0.0 -1.619 1121
-6.71875 0.5599003125 -0.8095 1122
-5.5989587812 0.0 -1.619 1123
-5.5989587812 0.5599003125 -0.8095 1124
-4.4791621875 0.0 -1.619 1125
-4.4791621875 0.5599003125 -0.8095 1126
-3.359375 0.0 -1.619 1127
-3.359375 0.5599003125 -0.8095 1128
-6.71875 1.1197871875 -1.619 1129
-6.71875 1.6796875 -0.8095 1130
-5.5989587812 1.1197871875 -1.619 1131
-5.5989587812 1.6796875 -0.8095 1132
-4.4791621875 1.1197871875 -1.619 1133
-4.4791621875 1.6796875 -0.8095 1134
-3.359375 1.1197871875 -1.619 1135
-3.359375 1.6796875 -0.8095 1136
-6.71875 -2.2395878125 1.619 1137
-6.1588537187 -1.6796875 0.0 1138
-6.1588537187 -2.2395878125 0.8095 1139
-5.5989587812 -2.2395878125 1.619 1140
-5.0390625 -1.6796875 0.0 1141
-5.0390625 -2.2395878125 0.8095 1142
-4.4791621875 -2.2395878125 1.619 1143
-3.9192753125 -1.6796875 0.0 1144
-3.9192753125 -2.2395878125 0.8095 1145
-3.359375 -2.2395878125 1.619 1146
-2.7994746875 -1.6796875 0.0 1147
-2.7994746875 -2.2395878125 0.8095 1148
-6.71875 -1.1197871875 1.619 1149
-6.1588537187 -0.5599003125 0.0 1150
-6.1588537187 -1.1197871875 0.8095 1151
-5.5989587812 -1.1197871875 1.619 1152
-5.0390625 -0.5599003125 0.0 1153
-5.0390625 -1.1197871875 0.8095 1154
-4.4791621875 -1.1197871875 1.619 1155
-3.9192753125 -0.5599003125 0.0 1156
-3.9192753125 -1.1197871875 0.8095 1157
-3.359375 -1.1197871875 1.619 1158
-2.7994746875 -0.5599003125 0.0 1159
-2.7994746875 -1.1197871875 0.8095 1160
-6.71875 0.0 1.619 1161
-6.1588537187 0.5599003125 0.0 1162
-6.1588537187 0.0 0.8095 1163
-5.5989587812 0.0 1.619 1164
-5.0390625 0.5599003125 0.0 1165
-5.0390625 0.0 0.8095 1166
-4.4791621875 0.0 1.619 1167
-3.9192753125 0.5599003125 0.0 1168
-3.9192753125 0.0 0.8095 1169
-3.359375 0.0 1.619 1170
-2.7994746875 0.5599003125 0.0 1171
-2.7994746875 0.0 0.8095 1172
-6.71875 1.1197871875 1.619 1173
-6.1588537187 1.6796875 0.0 1174
-6.1588537187 1.1197871875 0.8095 1175
-5.5989587812 1.1197871875 1.619 1176
-5.0390625 1.6796875 0.0 1177
-5.0390625 1.1197871875 0.8095 1178
-4.4791621875 1.1197871875 1.619 1179
-3.9192753125 1.6796875 0.0 1180
-3.9192753125 1.1197871875 0.8095 1181
-3.359375 1.1197871875 1.619 1182
-2.7994746875 1.6796875 0.0 1183
-2.7994746875 1.1197871875 0.8095 1184
-2.2395878125 -2.2395878125 -1.619 1185
-2.2395878125 -1.6796875 -0.8095 1186
-1.1197871875 -2.2395878125 -1.619 1187
-1.1197871875 -1.6796875 -0.8095 1188
0.0 -2.2395878125 -1.619 1189
0.0 -1.6796875 -0.8095 1190
1.1197871875 -2.2395878125 -1.619 1191
1.1197871875 -1.6796875 -0.8095 1192
-2.2395878125 -1.1197871875 -1.619 1193
-2.2395878125 -0.5599003125 -0.8095 1194
-1.1197871875 -1.1197871875 -1.619 1195
-1.1197871875 -0.5599003125 -0.8095 1196
0.0 -1.1197871875 -1.619 1197
0.0 -0.5599003125 -0.8095 1198
1.1197871875 -1.1197871875 -1.619 1199
1.1197871875 -0.5599003125 -0.8095 1200
-2.2395878125 0.0 -1.619 1201
-2.2395878125 0.5599003125 -0.8095 1202
-1.1197871875 0.0 -1.619 1203
-1.1197871875 0.5599003125 -0.8095 1204
0.0 0.0 -1.619 1205
0.0 0.5599003125 -0.8095 1206
1.1197871875 0.0 -1.619 1207
1.1197871875 0.5599003125 -0.8095 1208
-2.2395878125 1.1197871875 -1.619 1209
-2.2395878125 1.6796875 -0.8095 1210
-1.1197871875 1.1197871875 -1.619 1211
-1.1197871875 1.6796875 -0.8095 1212
0.0 1.1197871875 -1.619 1213
0.0 1.6796875 -0.8095 1214
1.1197871875 1.1197871875 -1.619 1215
1.1197871875 1.6796875 -0.8095 1216
-2.2395878125 -2.2395878125 1.619 1217
-1.6796875 -1.6796875 0.0 1218
-1.6796875 -2.2395878125 0.8095 1219
-1.1197871875 -2.2395878125 1.619 1220
-0.5599003125 -1.6796875 0.0 1221
-0.5599003125 -2.2395878125 0.8095 1222
0.0 -2.2395878125 1.619 1223
0.5599003125 -1.6796875 0.0 1224
0.5599003125 -2.2395878125 0.8095 1225
1.1197871875 -2.2395878125 1.619 1226
1.6796875 -1.6796875 0.0 1227
1.6796875 -2.2395878125 0.8095 1228
-2.2395878125 -1.1197871875 1.619 1229
-1.6796875 -0.5599003125 0.0 1230
-1.6796875 -1.1197871875 0.8095 1231
-1.1197871875 -1.1197871875 1.619 1232
-0.5599003125 -0.5599003125 0.0 1233
-0.5599003125 -1.1197871875 0.8095 1234
0.5599003125 -0.5599003125 0.0 1236
0.5599003125 -1.1197871875 0.8095 1237
1.1197871875 -1.1197871875 1.619 1238
1.6796875 -0.5599003125 0.0 1239
1.6796875 -1.1197871875 0.8095 1240
-2.2395878125 0.0 1.619 1241
-1.6796875 0.5599003125 0.0 1242
-1.6796875 0.0 0.8095 1243
-0.5599003125 0.5599003125 0.0 1245
0.5599003125 0.5599003125 0.0 1248
1.6796875 0.5599003125 0.0 1251
1.6796875 0.0 0.8095 1252
-2.2395878125 1.1197871875 1.619 1253
-1.6796875 1.6796875 0.0 1254
-1.6796875 1.1197871875 0.8095 1255
-1.1197871875 1.1197871875 1.619 1256
-0.5599003125 1.6796875 0.0 1257
-0.5599003125 1.1197871875 0.8095 1258
0.5599003125 1.6796875 0.0 1260
0.5599003125 1.1197871875 0.8095 1261
1.1197871875 1.1197871875 1.619 1262
1.6796875 1.6796875 0.0 1263
1.6796875 1.1197871875 0.8095 1264
2.2395878125 -2.2395878125 -1.619 1265
2.2395878125 -1.6796875 -0.8095 1266
3.359375 -2.2395878125 -1.619 1267
3.359375 -1.6796875 -0.8095 1268
4.4791621875 -2.2395878125 -1.619 1269
4.4791621875 -1.6796875 -0.8095 1270
5.5989628125 -2.2395878125 -1.619 1271
5.5989628125 -1.6796875 -0.8095 1272
2.2395878125 -1.1197871875 -1.619 1273
2.2395878125 -0.5599003125 -0.8095 1274
3.359375 -1.1197871875 -1.619 1275
3.359375 -0.5599003125 -0.8095 1276
4.4791621875 -1.1197871875 -1.619 1277
4.4791621875 -0.5599003125 -0.8095 1278
5.5989628125 -1.1197871875 -1.619 1279
5.5989628125 -0.5599003125 -0.8095 1280
2.2395878125 0.0 -1.619 1281
2.2395878125 0.5599003125 -0.8095 1282
3.359375 0.0 -1.619 1283
3.359375 0.5599003125 -0.8095 1284
4.4791621875 0.0 -1.619 1285
4.4791621875 0.5599003125 -0.8095 1286
5.5989628125 0.0 -1.619 1287
5.5989628125 0.5599003125 -0.8095 1288
2.2395878125 1.1197871875 -1.619 1289
2.2395878125 1.6796875 -0.8095 1290
3.359375 1.1197871875 -1.619 1291
3.359375 1.6796875 -0.8095 1292
4.4791621875 1.1197871875 -1.619 1293
4.4791621875 1.6796875 -0.8095 1294
5.5989628125 1.1197871875 -1.619 1295
5.5989628125 1.6796875 -0.8095 1296
2.2395878125 -2.2395878125 1.619 1297
2.7994746875 -1.6796875 0.0 1298
2.7994746875 -2.2395878125 0.8095 1299
3.359375 -2.2395878125 1.619 1300
3.9192753125 -1.6796875 0.0 1301
3.9192753125 -2.2395878125 0.8095 1302
4.4791621875 -2.2395878125 1.619 1303
5.0390625 -1.6796875 0.0 1304
5.0390625 -2.2395878125 0.8095 1305
5.5989628125 -2.2395878125 1.619 1306
6.1588496875 -1.6796875 0.0 1307
6.1588496875 -2.2395878125 0.8095 1308
2.2395878125 -1.1197871875 1.619 1309
2.7994746875 -0.5599003125 0.0 1310
2.7994746875 -1.1197871875 0.8095 1311
3.359375 -1.1197871875 1.619 1312
3.9192753125 -0.5599003125 0.0 1313
3.9192753125 -1.1197871875 0.8095 1314
4.4791621875 -1.1197871875 1.619 1315
5.0390625 -0.5599003125 0.0 1316
5.0390625 -1.1197871875 0.8095 1317
5.5989628125 -1.1197871875 1.619 1318
6.1588496875 -0.5599003125 0.0 1319
6.1588496875 -1.1197871875 0.8095 1320
2.2395878125 0.0 1.619 1321
2.7994746875 0.5599003125 0.0 1322
2.7994746875 0.0 0.8095 1323
3.359375 0.0 1.619 1324
3.9192753125 0.5599003125 0.0 1325
3.9192753125 0.0 0.8095 1326
4.4791621875 0.0 1.619 1327
5.0390625 0.5599003125 0.0 1328
5.0390625 0.0 0.8095 1329
5.5989628125 0.0 1.619 1330
6.1588496875 0.5599003125 0.0 1331
6.1588496875 0.0 0.8095 1332
2.2395878125 1.1197871875 1.619 1333
2.7994746875 1.6796875 0.0 1334
2.7994746875 1.1197871875 0.8095 1335
3.359375 1.1197871875 1.619 1336
3.9192753125 1.6796875 0.0 1337
3.9192753125 1.1197871875 0.8095 1338
4.4791621875 1.1197871875 1.619 1339
5.0390625 1.6796875 0.0 1340
5.0390625 1.1197871875 0.8095 1341
5.5989628125 1.1197871875 1.619 1342
6.1588496875 1.6796875 0.0 1343
6.1588496875 1.1197871875 0.8095 1344
-6.71875 2.2395878125 -1.619 1345
-6.71875 2.7994746875 -0.8095 1346
-5.5989587812 2.2395878125 -1.619 1347
-5.5989587812 2.7994746875 -0.8095 1348
-4.4791621875 2.2395878125 -1.619 1349
-4.4791621875 2.7994746875 -0.8095 1350
-3.359375 2.2395878125 -1.619 1351
-3.359375 2.7994746875 -0.8095 1352
-6.71875 3.359375 -1.619 1353
-6.71875 3.9192753125 -0.8095 1354
-5.5989587812 3.359375 -1.619 1355
-5.5989587812 3.9192753125 -0.8095 1356
-4.4791621875 3.359375 -1.619 1357
-4.4791621875 3.9192753125 -0.8095 1358
-3.359375 3.359375 -1.619 1359
-3.359375 3.9192753125 -0.8095 1360
-6.71875 4.4791621875 -1.619 1361
-6.71875 5.0390625 -0.8095 1362
-5.5989587812 4.4791621875 -1.619 1363
-5.5989587812 5.0390625 -0.8095 1364
-4.4791621875 4.4791621875 -1.619 1365
-4.4791621875 5.0390625 -0.8095 1366
-3.359375 4.4791621875 -1.619 1367
-3.359375 5.0390625 -0.8095 1368
-6.71875 5.5989628125 -1.619 1369
-6.71875 6.1588496875 -0.8095 1370
-5.5989587812 5.5989628125 -1.619 1371
-5.5989587812 6.1588496875 -0.8095 1372
-4.4791621875 5.5989628125 -1.619 1373
-4.4791621875 6.1588496875 -0.8095 1374
-3.359375 5.5989628125 -1.619 1375
-3.359375 6.1588496875 -0.8095 1376
-6.71875 2.2395878125 1.619 1377
-6.1588537187 2.7994746875 0.0 1378
-6.1588537187 2.2395878125 0.8095 1379
-5.5989587812 2.2395878125 1.619 1380
-5.0390625 2.7994746875 0.0 1381
-5.0390625 2.2395878125 0.8095 1382
-4.4791621875 2.2395878125 1.619 1383
-3.9192753125 2.7994746875 0.0 1384
-3.9192753125 2.2395878125 0.8095 1385
-3.359375 2.2395878125 1.619 1386
-2.7994746875 2.7994746875 0.0 1387
-2.7994746875 2.2395878125 0.8095 1388
-6.71875 3.359375 1.619 1389
-6.1588537187 3.9192753125 0.0 1390
-6.1588537187 3.359375 0.8095 1391
-5.5989587812 3.359375 1.619 1392
-5.0390625 3.9192753125 0.0 1393
-5.0390625 3.359375 0.8095 1394
-4.4791621875 3.359375 1.619 1395
-3.9192753125 3.9192753125 0.0 1396
-3.9192753125 3.359375 0.8095 1397
-3.359375 3.359375 1.619 1398
-2.7994746875 3.9192753125 0.0 1399
-2.7994746875 3.359375 0.8095 1400
-6.71875 4.4791621875 1.619 1401
-6.1588537187 5.0390625 0.0 1402
-6.1588537187 4.4791621875 0.8095 1403
-5.5989587812 4.4791621875 1.619 1404
-5.0390625 5.0390625 0.0 1405
-5.0390625 4.4791621875 0.8095 1406
-4.4791621875 4.4791621875 1.619 1407
-3.9192753125 5.0390625 0.0 1408
-3.9192753125 4.4791621875 0.8095 1409
-3.359375 4.4791621875 1.619 1410
-2.7994746875 5.0390625 0.0 1411
-2.7994746875 4.4791621875 0.8095 1412
-6.71875 5.5989628125 1.619 1413
-6.1588537187 6.1588496875 0.0 1414
-6.1588537187 5.5989628125 0.8095 1415
-5.5989587812 5.5989628125 1.619 1416
-5.0390625 6.1588496875 0.0 1417
-5.0390625 5.5989628125 0.8095 1418
-4.4791621875 5.5989628125 1.619 1419
-3.9192753125 6.1588496875 0.0 1420
-3.9192753125 5.5989628125 0.8095 1421
-3.359375 5.5989628125 1.619 1422
-2.7994746875 6.1588496875 0.0 1423
-2.7994746875 5.5989628125 0.8095 1424
-2.2395878125 2.2395878125 -1.619 1425
-2.2395878125 2.7994746875 -0.8095 1426
-1.1197871875 2.2395878125 -1.619 1427
-1.1197871875 2.7994746875 -0.8095 1428
0.0 2.2395878125 -1.619 1429
0.0 2.7994746875 -0.8095 1430
1.1197871875 2.2395878125 -1.619 1431
1.1197871875 2.7994746875 -0.8095 1432
-2.2395878125 3.359375 -1.619 1433
-2.2395878125 3.9192753125 -0.8095 1434
-1.1197871875 3.359375 -1.619 1435
-1.1197871875 3.9192753125 -0.8095 1436
0.0 3.359375 -1.619 1437
0.0 3.9192753125 -0.8095 1438
1.1197871875 3.359375 -1.619 1439
1.1197871875 3.9192753125 -0.8095 1440
-2.2395878125 4.4791621875 -1.619 1441
-2.2395878125 5.0390625 -0.8095 1442
-1.1197871875 4.4791621875 -1.619 1443
-1.1197871875 5.0390625 -0.8095 1444
0.0 4.4791621875 -1.619 1445
0.0 5.0390625 -0.8095 1446
1.1197871875 4.4791621875 -1.619 1447
1.1197871875 5.0390625 -0.8095 1448
-2.2395878125 5.5989628125 -1.619 1449
-2.2395878125 6.1588496875 -0.8095 1450
-1.1197871875 5.5989628125 -1.619 1451
-1.1197871875 6.1588496875 -0.8095 1452
0.0 5.5989628125 -1.619 1453
0.0 6.1588496875 -0.8095 1454
1.1197871875 5.5989628125 -1.619 1455
1.1197871875 6.1588496875 -0.8095 1456
-2.2395878125 2.2395878125 1.619 1457
-1.6796875 2.7994746875 0.0 1458
-1.6796875 2.2395878125 0.8095 1459
-1.1197871875 2.2395878125 1.619 1460
-0.5599003125 2.7994746875 0.0 1461
-0.5599003125 2.2395878125 0.8095 1462
0.0 2.2395878125 1.619 1463
0.5599003125 2.7994746875 0.0 1464
0.5599003125 2.2395878125 0.8095 1465
1.1197871875 2.2395878125 1.619 1466
1.6796875 2.7994746875 0.0 1467
1.6796875 2.2395878125 0.8095 1468
-2.2395878125 3.359375 1.619 1469
-1.6796875 3.9192753125 0.0 1470
-1.6796875 3.359375 0.8095 1471
-1.1197871875 3.359375 1.619 1472
-0.5599003125 3.9192753125 0.0 1473
-0.5599003125 3.359375 0.8095 1474
0.0 3.359375 1.619 1475
0.5599003125 3.9192753125 0.0 1476
0.5599003125 3.359375 0.8095 1477
1.1197871875 3.359375 1.619 1478
1.6796875 3.9192753125 0.0 1479
1.6796875 3.359375 0.8095 1480
-2.2395878125 4.4791621875 1.619 1481
-1.6796875 5.0390625 0.0 1482
-1.6796875 4.4791621875 0.8095 1483
-1.1197871875 4.4791621875 1.619 1484
-0.5599003125 5.0390625 0.0 1485
-0.5599003125 4.4791621875 0.8095 1486
0.0 4.4791621875 1.619 1487
0.5599003125 5.0390625 0.0 1488
0.5599003125 4.4791621875 0.8095 1489
1.1197871875 4.4791621875 1.619 1490
1.6796875 5.0390625 0.0 1491
1.6796875 4.4791621875 0.8095 1492
-2.2395878125 5.5989628125 1.619 1493
-1.6796875 6.1588496875 0.0 1494
-1.6796875 5.5989628125 0.8095 1495
-1.1197871875 5.5989628125 1.619 1496
-0.5599003125 6.1588496875 0.0 1497
-0.5599003125 5.5989628125 0.8095 1498
0.0 5.5989628125 1.619 1499
0.5599003125 6.1588496875 0.0 1500
0.5599003125 5.5989628125 0.8095 1501
1.1197871875 5.5989628125 1.619 1502
1.6796875 6.1588496875 0.0 1503
1.6796875 5.5989628125 0.8095 1504
2.2395878125 2.2395878125 -1.619 1505
2.2395878125 2.7994746875 -0.8095 1506
3.359375 2.2395878125 -1.619 1507
3.359375 2.7994746875 -0.8095 1508
4.4791621875 2.2395878125 -1.619 1509
4.4791621875 2.7994746875 -0.8095 1510
5.5989628125 2.2395878125 -1.619 1511
5.5989628125 2.7994746875 -0.8095 1512
2.2395878125 3.359375 -1.619 1513
2.2395878125 3.9192753125 -0.8095 1514
3.359375 3.359375 -1.619 1515
3.359375 3.9192753125 -0.8095 1516
4.4791621875 3.359375 -1.619 1517
4.4791621875 3.9192753125 -0.8095 1518
5.5989628125 3.359375 -1.619 1519
5.5989628125 3.9192753125 -0.8095 1520
2.2395878125 4.4791621875 -1.619 1521
2.2395878125 5.0390625 -0.8095 1522
3.359375 4.4791621875 -1.619 1523
3.359375 5.0390625 -0.8095 1524
4.4791621875 4.4791621875 -1.619 1525
4.4791621875 5.0390625 -0.8095 1526
5.5989628125 4.4791621875 -1.619 1527
5.5989628125 5.0390625 -0.8095 1528
2.2395878125 5.5989628125 -1.619 1529
2.2395878125 6.1588496875 -0.8095 1530
3.359375 5.5989628125 -1.619 1531
3.359375 6.1588496875 -0.8095 1532
4.4791621875 5.5989628125 -1.619 1533
4.4791621875 6.1588496875 -0.8095 1534
5.5989628125 5.5989628125 -1.619 1535
5.5989628125 6.1588496875 -0.8095 1536
2.2395878125 2.2395878125 1.619 1537
2.7994746875 2.7994746875 0.0 1538
2.7994746875 2.2395878125 0.8095 1539
3.359375 2.2395878125 1.619 1540
3.9192753125 2.7994746875 0.0 1541
3.9192753125 2.2395878125 0.8095 1542
4.4791621875 2.2395878125 1.619 1543
5.0390625 2.7994746875 0.0 1544
5.0390625 2.2395878125 0.8095 1545
5.5989628125 2.2395878125 1.619 1546
6.1588496875 2.7994746875 0.0 1547
6.1588496875 2.2395878125 0.8095 1548
2.2395878125 3.359375 1.619 1549
2.7994746875 3.9192753125 0.0 1550
2.7994746875 3.359375 0.8095 1551
3.359375 3.359375 1.619 1552
3.9192753125 3.9192753125 0.0 1553
3.9192753125 3.359375 0.8095 1554
4.4791621875 3.359375 1.619 1555
5.0390625 3.9192753125 0.0 1556
5.0390625 3.359375 0.8095 1557
5.5989628125 3.359375 1.619 1558
6.1588496875 3.9192753125 0.0 1559
6.1588496875 3.359375 0.8095 1560
2.2395878125 4.4791621875 1.619 1561
2.7994746875 5.0390625 0.0 1562
2.7994746875 4.4791621875 0.8095 1563
3.359375 4.4791621875 1.619 1564
3.9192753125 5.0390625 0.0 1565
3.9192753125 4.4791621875 0.8095 1566
4.4791621875 4.4791621875 1.619 1567
5.0390625 5.0390625 0.0 1568
5.0390625 4.4791621875 0.8095 1569
5.5989628125 4.4791621875 1.619 1570
6.1588496875 5.0390625 0.0 1571
6.1588496875 4.4791621875 0.8095 1572
2.2395878125 5.5989628125 1.619 1573
2.7994746875 6.1588496875 0.0 1574
2.7994746875 5.5989628125 0.8095 1575
3.359375 5.5989628125 1.619 1576
3.9192753125 6.1588496875 0.0 1577
3.9192753125 5.5989628125 0.8095 1578
4.4791621875 5.5989628125 1.619 1579
5.0390625 6.1588496875 0.0 1580
5.0390625 5.5989628125 0.8095 1581
5.5989628125 5.5989628125 1.619 1582
6.1588496875 6.1588496875 0.0 1583
6.1588496875 5.5989628125 0.8095 1584
-6.71875 -6.1588537187 2.4285 1585
-5.5989587812 -6.1588537187 2.4285 1586
-4.4791621875 -6.1588537187 2.4285 1587
-3.359375 -6.1588537187 2.4285 1588
-6.71875 -5.0390625 2.4285 1589
-5.5989587812 -5.0390625 2.4285 1590
-4.4791621875 -5.0390625 2.4285 1591
-3.359375 -5.0390625 2.4285 1592
-6.71875 -3.9192753125 2.4285 1593
-5.5989587812 -3.9192753125 2.4285 1594
-4.4791621875 -3.9192753125 2.4285 1595
-3.359375 -3.9192753125 2.4285 1596
-6.71875 -2.7994746875 2.4285 1597
-5.5989587812 -2.7994746875 2.4285 1598
-4.4791621875 -2.7994746875 2.4285 1599
-3.359375 -2.7994746875 2.4285 1600
-6.71875 -6.71875 4.857 1601
-6.1588537187 -6.1588537187 3.238 1602
-6.71875 -6.1588537187 5.6665 1603
-6.1588537187 -6.71875 4.0475 1604
-5.5989587812 -6.71875 4.857 1605
-5.0390625 -6.1588537187 3.238 1606
-5.5989587812 -6.1588537187 5.6665 1607
-5.0390625 -6.71875 4.0475 1608
-4.4791621875 -6.71875 4.857 1609
-3.9192753125 -6.1588537187 3.238 1610
-4.4791621875 -6.1588537187 5.6665 1611
-3.9192753125 -6.71875 4.0475 1612
-3.359375 -6.71875 4.857 1613
-2.7994746875 -6.1588537187 3.238 1614
-3.359375 -6.1588537187 5.6665 1615
-2.7994746875 -6.71875 4.0475 1616
-6.71875 -5.5989587812 4.857 1617
-6.1588537187 -5.0390625 3.238 1618
-6.71875 -5.0390625 5.6665 1619
-6.1588537187 -5.5989587812 4.0475 1620
-5.5989587812 -5.5989587812 4.857 1621
-5.0390625 -5.0390625 3.238 1622
-5.5989587812 -5.0390625 5.6665 1623
-5.0390625 -5.5989587812 4.0475 1624
-4.4791621875 -5.5989587812 4.857 1625
-3.9192753125 -5.0390625 3.238 1626
-4.4791621875 -5.0390625 5.6665 1627
-3.9192753125 -5.5989587812 4.0475 1628
-3.359375 -5.5989587812 4.857 1629
-2.7994746875 -5.0390625 3.238 1630
-3.359375 -5.0390625 5.6665 1631
-2.7994746875 -5.5989587812 4.0475 1632
-6.71875 -4.4791621875 4.857 1633
-6.1588537187 -3.9192753125 3.238 1634
-6.71875 -3.9192753125 5.6665 1635
-6.1588537187 -4.4791621875 4.0475 1636
-5.5989587812 -4.4791621875 4.857 1637
-5.0390625 -3.9192753125 3.238 1638
-5.5989587812 -3.9192753125 5.6665 1639
-5.0390625 -4.4791621875 4.0475 1640
-4.4791621875 -4.4791621875 4.857 1641
-3.9192753125 -3.9192753125 3.238 1642
-4.4791621875 -3.9192753125 5.6665 1643
-3.9192753125 -4.4791621875 4.0475 1644
-3.359375 -4.4791621875 4.857 1645
-2.7994746875 -3.9192753125 3.238 1646
-3.359375 -3.9192753125 5.6665 1647
-2.7994746875 -4.4791621875 4.0475 1648
-6.71875 -3.359375 4.857 1649
-6.1588537187 -2.7994746875 3.238 1650
-6.71875 -2.7994746875 5.6665 1651
-6.1588537187 -3.359375 4.0475 1652
-5.5989587812 -3.359375 4.857 1653
-5.0390625 -2.7994746875 3.238 1654
-5.5989587812 -2.7994746875 5.6665 1655
-5.0390625 -3.359375 4.0475 1656
-4.4791621875 -3.359375 4.857 1657
-3.9192753125 -2.7994746875 3.238 1658
-4.4791621875 -2.7994746875 5.6665 1659
-3.9192753125 -3.359375 4.0475 1660
-3.359375 -3.359375 4.857 1661
-2.7994746875 -2.7994746875 3.238 1662
-3.359375 -2.7994746875 5.6665 1663
-2.7994746875 -3.359375 4.0475 1664
-2.2395878125 -6.1588537187 2.4285 1665
-1.1197871875 -6.1588537187 2.4285 1666
0.0 -6.1588537187 2.4285 1667
1.1197871875 -6.1588537187 2.4285 1668
-2.2395878125 -5.0390625 2.4285 1669
-1.1197871875 -5.0390625 2.4285 1670
0.0 -5.0390625 2.4285 1671
1.1197871875 -5.0390625 2.4285 1672
-2.2395878125 -3.9192753125 2.4285 1673
-1.1197871875 -3.9192753125 2.4285 1674
0.0 -3.9192753125 2.4285 1675
1.1197871875 -3.9192753125 2.4285 1676
-2.2395878125 -2.7994746875 2.4285 1677
-1.1197871875 -2.7994746875 2.4285 1678
0.0 -2.7994746875 2.4285 1679
1.1197871875 -2.7994746875 2.4285 1680
-2.2395878125 -6.71875 4.857 1681
-1.6796875 -6.1588537187 3.238 1682
-2.2395878125 -6.1588537187 5.6665 1683
-1.6796875 -6.71875 4.0475 1684
-1.1197871875 -6.71875 4.857 1685
-0.5599003125 -6.1588537187 3.238 1686
-1.1197871875 -6.1588537187 5.6665 1687
-0.5599003125 -6.71875 4.0475 1688
0.0 -6.71875 4.857 1689
0.5599003125 -6.1588537187 3.238 1690
0.0 -6.1588537187 5.6665 1691
0.5599003125 -6.71875 4.0475 1692
1.1197871875 -6.71875 4.857 1693
1.6796875 -6.1588537187 3.238 1694
1.1197871875 -6.1588537187 5.6665 1695
1.6796875 -6.71875 4.0475 1696
-2.2395878125 -5.5989587812 4.857 1697
-1.6796875 -5.0390625 3.238 1698
-2.2395878125 -5.0390625 5.6665 1699
-1.6796875 -5.5989587812 4.0475 1700
-1.1197871875 -5.5989587812 4.857 1701
-0.5599003125 -5.0390625 3.238 1702
-1.1197871875 -5.0390625 5.6665 1703
-0.5599003125 -5.5989587812 4.0475 1704
0.0 -5.5989587812 4.857 1705
0.5599003125 -5.0390625 3.238 1706
0.0 -5.0390625 5.6665 1707
0.5599003125 -5.5989587812 4.0475 1708
1.1197871875 -5.5989587812 4.857 1709
1.6796875 -5.0390625 3.238 1710
1.1197871875 -5.0390625 5.6665 1711
1.6796875 -5.5989587812 4.0475 1712
-2.2395878125 -4.4791621875 4.857 1713
-1.6796875 -3.9192753125 3.238 1714
-2.2395878125 -3.9192753125 5.6665 1715
-1.6796875 -4.4791621875 4.0475 1716
-1.1197871875 -4.4791621875 4.857 1717
-0.5599003125 -3.9192753125 3.238 1718
-1.1197871875 -3.9192753125 5.6665 1719
-0.5599003125 -4.4791621875 4.0475 1720
0.0 -4.4791621875 4.857 1721
0.5599003125 -3.9192753125 3.238 1722
0.0 -3.9192753125 5.6665 1723
0.5599003125 -4.4791621875 4.0475 1724
1.1197871875 -4.4791621875 4.857 1725
1.6796875 -3.9192753125 3.238 1726
1.1197871875 -3.9192753125 5.6665 1727
1.6796875 -4.4791621875 4.0475 1728
-2.2395878125 -3.359375 4.857 1729
-1.6796875 -2.7994746875 3.238 1730
-2.2395878125 -2.7994746875 5.6665 1731
-1.6796875 -3.359375 4.0475 1732
-1.1197871875 -3.359375 4.857 1733
-0.5599003125 -2.7994746875 3.238 1734
-1.1197871875 -2.7994746875 5.6665 1735
-0.5599003125 -3.359375 4.0475 1736
0.0 -3.359375 4.857 1737
0.5599003125 -2.7994746875 3.238 1738
0.0 -2.7994746875 5.6665 1739
0.5599003125 -3.359375 4.0475 1740
1.1197871875 -3.359375 4.857 1741
1.6796875 -2.7994746875 3.238 1742
1.1197871875 -2.7994746875 5.6665 1743
1.6796875 -3.359375 4.0475 1744
2.2395878125 -6.1588537187 2.4285 1745
3.359375 -6.1588537187 2.4285 1746
4.4791621875 -6.1588537187 2.4285 1747
5.5989628125 -6.1588537187 2.4285 1748
2.2395878125 -5.0390625 2.4285 1749
3.359375 -5.0390625 2.4285 1750
4.4791621875 -5.0390625 2.4285 1751
5.5989628125 -5.0390625 2.4285 1752
2.2395878125 -3.9192753125 2.4285 1753
3.359375 -3.9192753125 2.4285 1754
4.4791621875 -3.9192753125 2.4285 1755
5.5989628125 -3.9192753125 2.4285 1756
2.2395878125 -2.7994746875 2.4285 1757
3.359375 -2.7994746875 2.4285 1758
4.4791621875 -2.7994746875 2.4285 1759
5.5989628125 -2.7994746875 2.4285 1760
2.2395878125 -6.71875 4.857 1761
2.7994746875 -6.1588537187 3.238 1762
2.2395878125 -6.1588537187 5.6665 1763
2.7994746875 -6.71875 4.0475 1764
3.359375 -6.71875 4.857 1765
3.9192753125 -6.1588537187 3.238 1766
3.359375 -6.1588537187 5.6665 1767
3.9192753125 -6.71875 4.0475 1768
4.4791621875 -6.71875 4.857 1769
5.0390625 -6.1588537187 3.238 1770
4.4791621875 -6.1588537187 5.6665 1771
5.0390625 -6.71875 4.0475 1772
5.5989628125 -6.71875 4.857 1773
6.1588496875 -6.1588537187 3.238 1774
5.5989628125 -6.1588537187 5.6665 1775
6.1588496875 -6.71875 4.0475 1776
2.2395878125 -5.5989587812 4.857 1777
2.7994746875 -5.0390625 3.238 1778
2.2395878125 -5.0390625 5.6665 1779
2.7994746875 -5.5989587812 4.0475 1780
3.359375 -5.5989587812 4.857 1781
3.9192753125 -5.0390625 3.238 1782
3.359375 -5.0390625 5.6665 1783
3.9192753125 -5.5989587812 4.0475 1784
4.4791621875 -5.5989587812 4.857 1785
5.0390625 -5.0390625 3.238 1786
4.4791621875 -5.0390625 5.6665 1787
5.0390625 -5.5989587812 4.0475 1788
5.5989628125 -5.5989587812 4.857 1789
6.1588496875 -5.0390625 3.238 1790
5.5989628125 -5.0390625 5.6665 1791
6.1588496875 -5.5989587812 4.0475 1792
2.2395878125 -4.4791621875 4.857 1793
2.7994746875 -3.9192753125 3.238 1794
2.2395878125 -3.9192753125 5.6665 1795
2.7994746875 -4.4791621875 4.0475 1796
3.359375 -4.4791621875 4.857 1797
3.9192753125 -3.9192753125 3.238 1798
3.359375 -3.9192753125 5.6665 1799
3.9192753125 -4.4791621875 4.0475 1800
4.4791621875 -4.4791621875 4.857 1801
5.0390625 -3.9192753125 3.238 1802
4.4791621875 -3.9192753125 5.6665 1803
5.0390625 -4.4791621875 4.0475 1804
5.5989628125 -4.4791621875 4.857 1805
6.1588496875 -3.9192753125 3.238 1806
5.5989628125 -3.9192753125 5.6665 1807
6.1588496875 -4.4791621875 4.0475 1808
2.2395878125 -3.359375 4.857 1809
2.7994746875 -2.7994746875 3.238 1810
2.2395878125 -2.7994746875 5.6665 1811
2.7994746875 -3.359375 4.0475 1812
3.359375 -3.359375 4.857 1813
3.9192753125 -2.7994746875 3.238 1814
3.359375 -2.7994746875 5.6665 1815
3.9192753125 -3.359375 4.0475 1816
4.4791621875 -3.359375 4.857 1817
5.0390625 -2.7994746875 3.238 1818
4.4791621875 -2.7994746875 5.6665 1819
5.0390625 -3.359375 4.0475 1820
5.5989628125 -3.359375 4.857 1821
6.1588496875 -2.7994746875 3.238 1822
5.5989628125 -2.7994746875 5.6665 1823
6.1588496875 -3.359375 4.0475 1824
-6.71875 -1.6796875 2.4285 1825
-5.5989587812 -1.6796875 2.4285 1826
-4.4791621875 -1.6796875 2.4285 1827
-3.359375 -1.6796875 2.4285 1828
-6.71875 -0.5599003125 2.4285 1829
-5.5989587812 -0.5599003125 2.4285 1830
-4.4791621875 -0.5599003125 2.4285 1831
-3.359375 -0.5599003125 2.4285 1832
-6.71875 0.5599003125 2.4285 1833
-5.5989587812 0.5599003125 2.4285 1834
-4.4791621875 0.5599003125 2.4285 1835
-3.359375 0.5599003125 2.4285 1836
-6.71875 1.6796875 2.4285 1837
-5.5989587812 1.6796875 2.4285 1838
-4.4791621875 1.6796875 2.4285 1839
-3.359375 1.6796875 2.4285 1840
-6.71875 -2.2395878125 4.857 1841
-6.1588537187 -1.6796875 3.238 1842
-6.71875 -1.6796875 5.6665 1843
-6.1588537187 -2.2395878125 4.0475 1844
-5.5989587812 -2.2395878125 4.857 1845
-5.0390625 -1.6796875 3.238 1846
-5.5989587812 -1.6796875 5.6665 1847
-5.0390625 -2.2395878125 4.0475 1848
-4.4791621875 -2.2395878125 4.857 1849
-3.9192753125 -1.6796875 3.238 1850
-4.4791621875 -1.6796875 5.6665 1851
-3.9192753125 -2.2395878125 4.0475 1852
-3.359375 -2.2395878125 4.857 1853
-2.7994746875 -1.6796875 3.238 1854
-3.359375 -1.6796875 5.6665 1855
-2.7994746875 -2.2395878125 4.0475 1856
-6.71875 -1.1197871875 4.857 1857
-6.1588537187 -0.5599003125 3.238 1858
-6.71875 -0.5599003125 5.6665 1859
-6.1588537187 -1.1197871875 4.0475 1860
-5.5989587812 -1.1197871875 4.857 1861
-5.0390625 -0.5599003125 3.238 1862
-5.5989587812 -0.5599003125 5.6665 1863
-5.0390625 -1.1197871875 4.0475 1864
-4.4791621875 -1.1197871875 4.857 1865
-3.9192753125 -0.5599003125 3.238 1866
-4.4791621875 -0.5599003125 5.6665 1867
-3.9192753125 -1.1197871875 4.0475 1868
-3.359375 -1.1197871875 4.857 1869
-2.7994746875 -0.5599003125 3.238 1870
-3.359375 -0.5599003125 5.6665 1871
-2.7994746875 -1.1197871875 4.0475 1872
-6.71875 0.0 4.857 1873
-6.1588537187 0.5599003125 3.238 1874
-6.71875 0.5599003125 5.6665 1875
-6.1588537187 0.0 4.0475 1876
-5.5989587812 0.0 4.857 1877
-5.0390625 0.5599003125 3.238 1878
-5.5989587812 0.5599003125 5.6665 1879
-5.0390625 0.0 4.0475 1880
-4.4791621875 0.0 4.857 1881
-3.9192753125 0.5599003125 3.238 1882
-4.4791621875 0.5599003125 5.6665 1883
-3.9192753125 0.0 4.0475 1884
-3.359375 0.0 4.857 1885
-2.7994746875 0.5599003125 3.238 1886
-3.359375 0.5599003125 5.6665 1887
-2.7994746875 0.0 4.0475 1888
-6.71875 1.1197871875 4.857 1889
-6.1588537187 1.6796875 3.238 1890
-6.71875 1.6796875 5.6665 1891
-6.1588537187 1.1197871875 4.0475 1892
-5.5989587812 1.1197871875 4.857 1893
-5.0390625 1.6796875 3.238 1894
-5.5989587812 1.6796875 5.6665 1895
-5.0390625 1.1197871875 4.0475 1896
-4.4791621875 1.1197871875 4.857 1897
-3.9192753125 1.6796875 3.238 1898
-4.4791621875 1.6796875 5.6665 1899
-3.9192753125 1.1197871875 4.0475 1900
-3.359375 1.1197871875 4.857 1901
-2.7994746875 1.6796875 3.238 1902
-3.359375 1.6796875 5.6665 1903
-2.7994746875 1.1197871875 4.0475 1904
-2.2395878125 -1.6796875 2.4285 1905
-1.1197871875 -1.6796875 2.4285 1906
0.0 -1.6796875 2.4285 1907
1.1197871875 -1.6796875 2.4285 1908
-2.2395878125 -0.5599003125 2.4285 1909
-1.1197871875 -0.5599003125 2.4285 1910
1.1197871875 -0.5599003125 2.4285 1912
-2.2395878125 0.5599003125 2.4285 1913
-1.1197871875 0.5599003125 2.4285 1914
1.1197871875 0.5599003125 2.4285 1916
-2.2395878125 1.6796875 2.4285 1917
-1.1197871875 1.6796875 2.4285 1918
0.0 1.6796875 2.4285 1919
1.1197871875 1.6796875 2.4285 1920
-2.2395878125 -2.2395878125 4.857 1921
-1.6796875 -1.6796875 3.238 1922
-2.2395878125 -1.6796875 5.6665 1923
-1.6796875 -2.2395878125 4.0475 1924
-1.1197871875 -2.2395878125 4.857 1925
-0.5599003125 -1.6796875 3.238 1926
-1.1197871875 -1.6796875 5.6665 1927
-0.5599003125 -2.2395878125 4.0475 1928
0.0 -2.2395878125 4.857 1929
0.5599003125 -1.6796875 3.238 1930
0.0 -1.6796875 5.6665 1931
0.5599003125 -2.2395878125 4.0475 1932
1.1197871875 -2.2395878125 4.857 1933
1.6796875 -1.6796875 3.238 1934
1.1197871875 -1.6796875 5.6665 1935
1.6796875 -2.2395878125 4.0475 1936
-2.2395878125 -1.1197871875 4.857 1937
-1.6796875 -0.5599003125 3.238 1938
-2.2395878125 -0.5599003125 5.6665 1939
-1.6796875 -1.1197871875 4.0475 1940
-1.1197871875 -1.1197871875 4.857 1941
-0.5599003125 -0.5599003125 3.238 1942
-1.1197871875 -0.5599003125 5.6665 1943
-0.5599003125 -1.1197871875 4.0475 1944
0.0 -1.1197871875 4.857 1945
0.5599003125 -0.5599003125 3.238 1946
0.0 -0.5599003125 5.6665 1947
0.5599003125 -1.1197871875 4.0475 1948
1.1197871875 -1.1197871875 4.857 1949
1.6796875 -0.5599003125 3.238 1950
1.1197871875 -0.5599003125 5.6665 1951
1.6796875 -1.1197871875 4.0475 1952
-2.2395878125 0.0 4.857 1953
-1.6796875 0.5599003125 3.238 1954
-2.2395878125 0.5599003125 5.6665 1955
-1.6796875 0.0 4.0475 1956
-1.1197871875 0.0 4.857 1957
-0.5599003125 0.5599003125 3.238 1958
-1.1197871875 0.5599003125 5.6665 1959
-0.5599003125 0.0 4.0475 1960
0.0 0.0 4.857 1961
0.5599003125 0.5599003125 3.238 1962
0.0 0.5599003125 5.6665 1963
0.5599003125 0.0 4.0475 1964
1.1197871875 0.0 4.857 1965
1.6796875 0.5599003125 3.238 1966
1.1197871875 0.5599003125 5.6665 1967
1.6796875 0.0 4.0475 1968
-2.2395878125 1.1197871875 4.857 1969
-1.6796875 1.6796875 3.238 1970
-2.2395878125 1.6796875 5.6665 1971
-1.6796875 1.1197871875 4.0475 1972
-1.1197871875 1.1197871875 4.857 1973
-0.5599003125 1.6796875 3.238 1974
-1.1197871875 1.6796875 5.6665 1975
-0.5599003125 1.1197871875 4.0475 1976
0.0 1.1197871875 4.857 1977
0.5599003125 1.6796875 3.238 1978
0.0 1.6796875 5.6665 1979
0.5599003125 1.1197871875 4.0475 1980
1.1197871875 1.1197871875 4.857 1981
1.6796875 1.6796875 3.238 1982
1.1197871875 1.6796875 5.6665 1983
1.6796875 1.1197871875 4.0475 1984
2.2395878125 -1.6796875 2.4285 1985
3.359375 -1.6796875 2.4285 1986
4.4791621875 -1.6796875 2.4285 1987
5.5989628125 -1.6796875 2.4285 1988
2.2395878125 -0.5599003125 2.4285 1989
3.359375 -0.5599003125 2.4285 1990
4.4791621875 -0.5599003125 2.4285 1991
5.5989628125 -0.5599003125 2.4285 1992
2.2395878125 0.5599003125 2.4285 1993
3.359375 0.5599003125 2.4285 1994
4.4791621875 0.5599003125 2.4285 1995
5.5989628125 0.5599003125 2.4285 1996
2.2395878125 1.6796875 2.4285 1997
3.359375 1.6796875 2.4285 1998
4.4791621875 1.6796875 2.4285 1999
5.5989628125 1.6796875 2.4285 2000
2.2395878125 -2.2395878125 4.857 2001
2.7994746875 -1.6796875 3.238 2002
2.2395878125 -1.6796875 5.6665 2003
2.7994746875 -2.2395878125 4.0475 2004
3.359375 -2.2395878125 4.857 2005
3.9192753125 -1.6796875 3.238 2006
3.359375 -1.6796875 5.6665 2007
3.9192753125 -2.2395878125 4.0475 2008
4.4791621875 -2.2395878125 4.857 2009
5.0390625 -1.6796875 3.238 2010
4.4791621875 -1.6796875 5.6665 2011
5.0390625 -2.2395878125 4.0475 2012
5.5989628125 -2.2395878125 4.857 2013
6.1588496875 -1.6796875 3.238 2014
5.5989628125 -1.6796875 5.6665 2015
6.1588496875 -2.2395878125 4.0475 2016
2.2395878125 -1.1197871875 4.857 2017
2.7994746875 -0.5599003125 3.238 2018
2.2395878125 -0.5599003125 5.6665 2019
2.7994746875 -1.1197871875 4.0475 2020
3.359375 -1.1197871875 4.857 2021
3.9192753125 -0.5599003125 3.238 2022
3.359375 -0.5599003125 5.6665 2023
3.9192753125 -1.1197871875 4.0475 2024
4.4791621875 -1.1197871875 4.857 2025
5.0390625 -0.5599003125 3.238 2026
4.4791621875 -0.5599003125 5.6665 2027
5.0390625 -1.1197871875 4.0475 2028
5.5989628125 -1.1197871875 4.857 2029
6.1588496875 -0.5599003125 3.238 2030
5.5989628125 -0.5599003125 5.6665 2031
6.1588496875 -1.1197871875 4.0475 2032
2.2395878125 0.0 4.857 2033
2.7994746875 0.5599003125 3.238 2034
2.2395878125 0.5599003125 5.6665 2035
2.7994746875 0.0 4.0475 2036
3.359375 0.0 4.857 2037
3.9192753125 0.5599003125 3.238 2038
3.359375 0.5599003125 5.6665 2039
3.9192753125 0.0 4.0475 2040
4.4791621875 0.0 4.857 2041
5.0390625 0.5599003125 3.238 2042
4.4791621875 0.5599003125 5.6665 2043
5.0390625 0.0 4.0475 2044
5.5989628125 0.0 4.857 2045
6.1588496875 0.5599003125 3.238 2046
5.5989628125 0.5599003125 5.6665 2047
6.1588496875 0.0 4.0475 2048
2.2395878125 1.1197871875 4.857 2049
2.7994746875 1.6796875 3.238 2050
2.2395878125 1.6796875 5.6665 2051
2.7994746875 1.1197871875 4.0475 2052
3.359375 1.1197871875 4.857 2053
3.9192753125 1.6796875 3.238 2054
3.359375 1.6796875 5.6665 2055
3.9192753125 1.1197871875 4.0475 2056
4.4791621875 1.1197871875 4.857 2057
5.0390625 1.6796875 3.238 2058
4.4791621875 1.6796875 5.6665 2059
5.0390625 1.1197871875 4.0475 2060
5.5989628125 1.1197871875 4.857 2061
6.1588496875 1.6796875 3.238 2062
5.5989628125 1.6796875 5.6665 2063
6.1588496875 1.1197871875 4.0475 2064
-6.71875 2.7994746875 2.4285 2065
-5.5989587812 2.7994746875 2.4285 2066
-4.4791621875 2.7994746875 2.4285 2067
-3.359375 2.7994746875 2.4285 2068
-6.71875 3.9192753125 2.4285 2069
-5.5989587812 3.9192753125 2.4285 2070
-4.4791621875 3.9192753125 2.4285 2071
-3.359375 3.9192753125 2.4285 2072
-6.71875 5.0390625 2.4285 2073
-5.5989587812 5.0390625 2.4285 2074
-4.4791621875 5.0390625 2.4285 2075
-3.359375 5.0390625 2.4285 2076
-6.71875 6.1588496875 2.4285 2077
-5.5989587812 6.1588496875 2.4285 2078
-4.4791621875 6.1588496875 2.4285 2079
-3.359375 6.1588496875 2.4285 2080
-6.71875 2.2395878125 4.857 2081
-6.1588537187 2.7994746875 3.238 2082
-6.71875 2.7994746875 5.6665 2083
-6.1588537187 2.2395878125 4.0475 2084
-5.5989587812 2.2395878125 4.857 2085
-5.0390625 2.7994746875 3.238 2086
-5.5989587812 2.7994746875 5.6665 2087
-5.0390625 2.2395878125 4.0475 2088
-4.4791621875 2.2395878125 4.857 2089
-3.9192753125 2.7994746875 3.238 2090
-4.4791621875 2.7994746875 5.6665 2091
-3.9192753125 2.2395878125 4.0475 2092
-3.359375 2.2395878125 4.857 2093
-2.7994746875 2.7994746875 3.238 2094
-3.359375 2.7994746875 5.6665 2095
-2.7994746875 2.2395878125 4.0475 2096
-6.71875 3.359375 4.857 2097
-6.1588537187 3.9192753125 3.238 2098
-6.71875 3.9192753125 5.6665 2099
-6.1588537187 3.359375 4.0475 2100
-5.5989587812 3.359375 4.857 2101
-5.0390625 3.9192753125 3.238 2102
-5.5989587812 3.9192753125 5.6665 2103
-5.0390625 3.359375 4.0475 2104
-4.4791621875 3.359375 4.857 2105
-3.9192753125 3.9192753125 3.238 2106
-4.4791621875 3.9192753125 5.6665 2107
-3.9192753125 3.359375 4.0475 2108
-3.359375 3.359375 4.857 2109
-2.7994746875 3.9192753125 3.238 2110
-3.359375 3.9192753125 5.6665 2111
-2.7994746875 3.359375 4.0475 2112
-6.71875 4.4791621875 4.857 2113
-6.1588537187 5.0390625 3.238 2114
-6.71875 5.0390625 5.6665 2115
-6.1588537187 4.4791621875 4.0475 2116
-5.5989587812 4.4791621875 4.857 2117
-5.0390625 5.0390625 3.238 2118
-5.5989587812 5.0390625 5.6665 2119
-5.0390625 4.4791621875 4.0475 2120
-4.4791621875 4.4791621875 4.857 2121
-3.9192753125 5.0390625 3.238 2122
-4.4791621875 5.0390625 5.6665 2123
-3.9192753125 4.4791621875 4.0475 2124
-3.359375 4.4791621875 4.857 2125
-2.7994746875 5.0390625 3.238 2126
-3.359375 5.0390625 5.6665 2127
-2.7994746875 4.4791621875 4.0475 2128
-6.71875 5.5989628125 4.857 2129
-6.1588537187 6.1588496875 3.238 2130
-6.71875 6.1588496875 5.6665 2131
-6.1588537187 5.5989628125 4.0475 2132
-5.5989587812 5.5989628125 4.857 2133
-5.0390625 6.1588496875 3.238 2134
-5.5989587812 6.1588496875 5.6665 2135
-5.0390625 5.5989628125 4.0475 2136
-4.4791621875 5.5989628125 4.857 2137
-3.9192753125 6.1588496875 3.238 2138
-4.4791621875 6.1588496875 5.6665 2139
-3.9192753125 5.5989628125 4.0475 2140
-3.359375 5.5989628125 4.857 2141
-2.7994746875 6.1588496875 3.238 2142
-3.359375 6.1588496875 5.6665 2143
-2.7994746875 5.5989628125 4.0475 2144
-2.2395878125 2.7994746875 2.4285 2145
-1.1197871875 2.7994746875 2.4285 2146
0.0 2.7994746875 2.4285 2147
1.1197871875 2.7994746875 2.4285 2148
-2.2395878125 3.9192753125 2.4285 2149
-1.1197871875 3.9192753125 2.4285 2150
0.0 3.9192753125 2.4285 2151
1.1197871875 3.9192753125 2.4285 2152
-2.2395878125 5.0390625 2.4285 2153
-1.1197871875 5.0390625 2.4285 2154
0.0 5.0390625 2.4285 2155
1.1197871875 5.0390625 2.4285 2156
-2.2395878125 6.1588496875 2.4285 2157
-1.1197871875 6.1588496875 2.4285 2158
0.0 6.1588496875 2.4285 2159
1.1197871875 6.1588496875 2.4285 2160
-2.2395878125 2.2395878125 4.857 2161
-1.6796875 2.7994746875 3.238 2162
-2.2395878125 2.7994746875 5.6665 2163
-1.6796875 2.2395878125 4.0475 2164
-1.1197871875 2.2395878125 4.857 2165
-0.5599003125 2.7994746875 3.238 2166
-1.1197871875 2.7994746875 5.6665 2167
-0.5599003125 2.2395878125 4.0475 2168
0.0 2.2395878125 4.857 2169
0.5599003125 2.7994746875 3.238 2170
0.0 2.7994746875 5.6665 2171
0.5599003125 2.2395878125 4.0475 2172
1.1197871875 2.2395878125 4.857 2173
1.6796875 2.7994746875 3.238 2174
1.1197871875 2.7994746875 5.6665 2175
1.6796875 2.2395878125 4.0475 2176
-2.2395878125 3.359375 4.857 2177
-1.6796875 3.9192753125 3.238 2178
-2.2395878125 3.9192753125 5.6665 2179
-1.6796875 3.359375 4.0475 2180
-1.1197871875 3.359375 4.857 2181
-0.5599003125 3.9192753125 3.238 2182
-1.1197871875 3.9192753125 5.6665 2183
-0.5599003125 3.359375 4.0475 2184
0.0 3.359375 4.857 2185
0.5599003125 3.9192753125 3.238 2186
0.0 3.9192753125 5.6665 2187
0.5599003125 3.359375 4.0475 2188
1.1197871875 3.359375 4.857 2189
1.6796875 3.9192753125 3.238 2190
1.1197871875 3.9192753125 5.6665 2191
1.6796875 3.359375 4.0475 2192
-2.2395878125 4.4791621875 4.857 2193
-1.6796875 5.0390625 3.238 2194
-2.2395878125 5.0390625 5.6665 2195
-1.6796875 4.4791621875 4.0475 2196
-1.1197871875 4.4791621875 4.857 2197
-0.5599003125 5.0390625 3.238 2198
-1.1197871875 5.0390625 5.6665 2199
-0.5599003125 4.4791621875 4.0475 2200
0.0 4.4791621875 4.857 2201
0.5599003125 5.0390625 3.238 2202
0.0 5.0390625 5.6665 2203
0.5599003125 4.4791621875 4.0475 2204
1.1197871875 4.4791621875 4.857 2205
1.6796875 5.0390625 3.238 2206
1.1197871875 5.0390625 5.6665 2207
1.6796875 4.4791621875 4.0475 2208
-2.2395878125 5.5989628125 4.857 2209
-1.6796875 6.1588496875 3.238 2210
-2.2395878125 6.1588496875 5.6665 2211
-1.6796875 5.5989628125 4.0475 2212
-1.1197871875 5.5989628125 4.857 2213
-0.5599003125 6.1588496875 3.238 2214
-1.1197871875 6.1588496875 5.6665 2215
-0.5599003125 5.5989628125 4.0475 2216
0.0 5.5989628125 4.857 2217
0.5599003125 6.1588496875 3.238 2218
0.0 6.1588496875 5.6665 2219
0.5599003125 5.5989628125 4.0475 2220
1.1197871875 5.5989628125 4.857 2221
1.6796875 6.1588496875 3.238 2222
1.1197871875 6.1588496875 5.6665 2223
1.6796875 5.5989628125 4.0475 2224
6.1588496875 5.5989628125 4.0475 1235
5.5989628125 6.1588496875 5.6665 1244
6.1588496875 6.1588496875 3.238 1246
5.5989628125 5.5989628125 4.857 1247
5.0390625 5.5989628125 4.0475 1249
4.4791621875 6.1588496875 5.6665 1250
5.0390625 6.1588496875 3.238 1259
4.4791621875 5.5989628125 4.857 1911
3.9192753125 5.5989628125 4.0475 1915
2.2395878125 2.7994746875 2.4285 2225
3.359375 2.7994746875 2.4285 2226
4.4791621875 2.7994746875 2.4285 2227
5.5989628125 2.7994746875 2.4285 2228
2.2395878125 3.9192753125 2.4285 2229
3.359375 3.9192753125 2.4285 2230
4.4791621875 3.9192753125 2.4285 2231
5.5989628125 3.9192753125 2.4285 2232
2.2395878125 5.0390625 2.4285 2233
3.359375 5.0390625 2.4285 2234
4.4791621875 5.0390625 2.4285 2235
5.5989628125 5.0390625 2.4285 2236
2.2395878125 6.1588496875 2.4285 2237
3.359375 6.1588496875 2.4285 2238
4.4791621875 6.1588496875 2.4285 2239
5.5989628125 6.1588496875 2.4285 2240
2.2395878125 2.2395878125 4.857 2241
2.7994746875 2.7994746875 3.238 2242
2.2395878125 2.7994746875 5.6665 2243
2.7994746875 2.2395878125 4.0475 2244
3.359375 2.2395878125 4.857 2245
3.9192753125 2.7994746875 3.238 2246
3.359375 2.7994746875 5.6665 2247
3.9192753125 2.2395878125 4.0475 2248
4.4791621875 2.2395878125 4.857 2249
5.0390625 2.7994746875 3.238 2250
4.4791621875 2.7994746875 5.6665 2251
5.0390625 2.2395878125 4.0475 2252
5.5989628125 2.2395878125 4.857 2253
6.1588496875 2.7994746875 3.238 2254
5.5989628125 2.7994746875 5.6665 2255
6.1588496875 2.2395878125 4.0475 2256
2.2395878125 3.359375 4.857 2257
2.7994746875 3.9192753125 3.238 2258
2.2395878125 3.9192753125 5.6665 2259
2.7994746875 3.359375 4.0475 2260
3.359375 3.359375 4.857 2261
3.9192753125 3.9192753125 3.238 2262
3.359375 3.9192753125 5.6665 2263
3.9192753125 3.359375 4.0475 2264
4.4791621875 3.359375 4.857 2265
5.0390625 3.9192753125 3.238 2266
4.4791621875 3.9192753125 5.6665 2267
5.0390625 3.359375 4.0475 2268
5.5989628125 3.359375 4.857 2269
6.1588496875 3.9192753125 3.238 2270
5.5989628125 3.9192753125 5.6665 2271
6.1588496875 3.359375 4.0475 2272
2.2395878125 4.4791621875 4.857 2273
2.7994746875 5.0390625 3.238 2274
2.2395878125 5.0390625 5.6665 2275
2.7994746875 4.4791621875 4.0475 2276
3.359375 4.4791621875 4.857 2277
3.9192753125 5.0390625 3.238 2278
3.359375 5.0390625 5.6665 2279
3.9192753125 4.4791621875 4.0475 2280
4.4791621875 4.4791621875 4.857 2281
5.0390625 5.0390625 3.238 2282
4.4791621875 5.0390625 5.6665 2283
5.0390625 4.4791621875 4.0475 2284
5.5989628125 4.4791621875 4.857 2285
6.1588496875 5.0390625 3.238 2286
5.5989628125 5.0390625 5.6665 2287
6.1588496875 4.4791621875 4.0475 2288
2.2395878125 5.5989628125 4.857 2289
2.7994746875 6.1588496875 3.238 2290
2.2395878125 6.1588496875 5.6665 2291
2.7994746875 5.5989628125 4.0475 2292
3.359375 5.5989628125 4.857 2293
3.9192753125 6.1588496875 3.238 2294
3.359375 6.1588496875 5.6665 2295
